MatchID,InningsNo,BattingTeamID,TeamName,BatsManName,BowlerName,BowlerType,OverNo,BallNo,Runs,BallRuns,ActualRuns,IsOne,IsTwo,IsThree,IsDotball,Extras,IsWide,IsNoBall,IsBye,IsLegBye,IsFour,IsSix,IsWicket,WicketType,Wickets,IsBowlerWicket,BallName,Day,SESSION_NO,IsExtra,SNO,Xpitch,Ypitch,RunRuns,IsMaiden,OverImage,BowlTypeID,BowlTypeName,ShotTypeID,ShotType,IsBouncer,IsFreeHit,BallCount,BCCheck,TotalRuns,TotalWickets,BOWLING_LINE_ID,BOWLING_LENGTH_ID,FiveHaul,Flag,FlagSet,PenaltyRuns,IsFifty,IsHundred,IsTwoHundred,IsHattrick,release_speed,initial_angle,release_x,release_y,release_z,pre_bounce_ax,pre_bounce_ay,pre_bounce_az,pre_bounce_vx,pre_bounce_vy,pre_bounce_vz,bounce_angle,cof,cor,pbr,shot_attacked,shot_played,shot_info,crease_reaction_time,interception_reaction_time,bounce_x,bounce_y,post_bounce_ax,post_bounce_ay,post_bounce_az,post_bounce_vx,post_bounce_vy,post_bounce_vz,impact_x,impact_y,impact_z,crease_x,crease_y,crease_z,drop_angle,stump_x,stump_y,stump_z,swing,deviation,swing_dist,six_dist,ground,date,season,striker_hand,non_striker_hand,bowler_hand,team_bat,team_bowl,delivery_type,match_day
1735,1,75,West Indies (Women),Qiana Joseph,Renuka Singh,,1,1,0 WK,W,0,0,0,0,1,0,0,0,0,0,0,0,1,Caught,WICKET,1,0.1,1,1,0,568827,1.0,-24.0,0,0,,,Knuckleball,54.0,LEG GLANCE,0,0,1,0,0,1,Outside Leg stump,Good Length,1,0,0,0,0,0,0,0,60.31439159149856,-4.684827262632894,8.340617268168344,-0.9212673600355761,1.826239528107489,-0.19036516553465,-0.557875104470002,-9.27789837524394,-24.7474715195045,0.847109243028684,-6.17502568467176,11.45473815037363,0.2240190255819328,0.7338097284809213,97.66955671394491,None,None,None,0.705814361572266,0.6747207641601562,7.354397,-0.507169,-0.176767653710747,0.0,-10.6,-22.3624300246269,0.223444448724962,0.223444448724962,-8.09565,-0.452131,0.826793,-8.840886,-0.444329,0.887382,-14.01043608604893,-10.0602353408586,-0.4314591312869407,0.9590887046306029,-0.355898307646525,-1.387998759369618,-1.49354512398273e-02,-1.00000000000000e+00,KOTAMBI-STADIUM-VADODARA,2024-12-27,,R,R,R,West-Indies-Women,India-Women,Seam,1
1735,1,75,West Indies (Women),Shemaine Campbelle,Renuka Singh,,1,2,0,0,0,0,0,0,1,0,0,0,0,0,0,0,0,,,0,0.2,1,1,0,568830,1.0,-24.0,0,0,,,Knuckleball,105.0,LEFT ALONE,0,0,2,0,0,1,Outside Off stump,Good Length,2,0,0,0,0,0,0,0,62.09233325443777,-2.468771078773036,8.340777355924537,-1.075592844372878,1.8322917494294,-0.194004543768562,-0.156169752131681,-9.22248094304747,-25.2205906899131,0.589211210140192,-5.86825987261403,8.465472558300615,0.2129004606324997,0.5883199166662628,76.95794143668945,Defended,Missed,None,0.688156127929688,0.7253608703613281,4.985464,-0.757308,-0.180147076356522,0.0,-10.6,-23.1962551639372,1.47488542034604,1.47488542034604,-999.9,-999.9,-999.9,-8.84104,-0.51425,0.468335,-13.09837198014928,-10.05988273097488,-0.4340256815565754,0.5454255149960914,-0.03756857723138924,2.299816765845642,1.96564805338861e-04,-1.00000000000000e+00,KOTAMBI-STADIUM-VADODARA,2024-12-27,,R,R,R,West-Indies-Women,India-Women,Seam,1
1735,1,75,West Indies (Women),Shemaine Campbelle,Renuka Singh,,1,3,0,0,0,0,0,0,1,0,0,0,0,0,0,0,0,,,0,0.3,1,1,0,568831,1.0,-24.0,0,0,,,Knuckleball,49.0,FORWARD DEFENCE,0,0,3,0,0,1,Outside Off stump,Good Length,0,0,0,0,0,0,0,0,60.76347457519485,-3.715087357559252,8.340696502225171,-1.07346621839278,1.855701918270277,-0.191122665460467,1.03568094886728,-8.50968721538283,-24.8459465098607,1.3223589929953,-5.83471688618264,8.790628053368042,0.2673258103168483,0.5932316403891875,72.2521650266933,Defended,Missed,None,0.713893890380859,0.7509384155273438,5.966554,-0.559746,-0.177471046499005,0.0,-10.6,-22.3831038644067,0.760966330666727,0.760966330666727,-999.9,-999.9,-999.9,-8.840781,-0.395233,0.53957,-13.2156334292992,-10.06002898479814,-0.3519429182996504,0.5889617887148824,1.305696317917226,-1.099385093531939,1.35730577572003e-01,-1.00000000000000e+00,KOTAMBI-STADIUM-VADODARA,2024-12-27,,R,R,R,West-Indies-Women,India-Women,Seam,1
1735,1,75,West Indies (Women),Shemaine Campbelle,Renuka Singh,,1,4,1,1,1,1,0,0,0,0,0,0,0,0,0,0,0,,,0,0.4,1,1,0,568832,12.0,133.0,1,0,,,Knuckleball,27.0,FORWARD PUSH,0,0,4,0,1,1,Outside Off stump,Full Length,0,0,0,0,0,0,0,0,61.26040074438872,-2.3429629222227,8.340999970966102,-1.157180879331015,1.839177363160662,-0.191027993305494,0.803529625656263,-8.78000004645291,-24.8336391297142,1.71554253946124,-5.72299888753416,9.464906128345099,0.224379763490353,0.6615767126809475,86.79853055310683,Attacked,Played,None,0.697906494140625,0.616241455078125,4.716946,-0.368662,-0.177383136640816,0.0,-10.6,-22.7109007083693,1.48121527541033,1.48121527541033,-7.422802,-0.231906,0.3502,-8.840961,-0.137353,0.507822,-12.97743986135732,-10.0600480337519,-0.05520725607763233,0.6096965372322892,1.251456888812724,-0.2202225095806205,1.37877419801818e-01,-1.00000000000000e+00,KOTAMBI-STADIUM-VADODARA,2024-12-27,,R,R,R,West-Indies-Women,India-Women,Seam,1
1735,1,75,West Indies (Women),Hayley Matthews,Renuka Singh,,1,5,0,0,0,0,0,0,1,0,0,0,0,0,0,0,0,,,0,0.5,1,1,0,568834,12.0,133.0,0,0,,,Knuckleball,105.0,LEFT ALONE,0,0,5,0,1,1,Outside Off stump,Good Length,0,0,0,0,0,0,0,0,61.93413270835131,-4.381242321752658,8.340627770121372,-1.109456879023432,1.827016330463528,-0.194694487707879,-0.552357434981035,-8.87561129738366,-25.3102834020243,0.990932406351796,-6.02448603144882,8.788213310718273,0.2048448477884274,0.5991772598999054,79.39210420614307,None,None,None,0.697540283203125,0.7377090454101562,6.753617,-0.619103,-0.180787738585888,0.0,-10.6,-23.3492399164528,0.568248872164291,0.568248872164291,-999.9,-999.9,-999.9,-8.84069,-0.481444,0.597329,-13.38870172403067,-10.06023900692816,-0.4502812172752488,0.6385263639988593,-0.3207332157129329,-0.8479351594169329,-3.49315108873542e-02,-1.00000000000000e+00,KOTAMBI-STADIUM-VADODARA,2024-12-27,,R,R,R,West-Indies-Women,India-Women,Seam,1
1735,1,75,West Indies (Women),Hayley Matthews,Renuka Singh,,1,6,0 WK,W,0,0,0,0,1,0,0,0,0,0,0,0,1,Bowled,WICKET,1,0.6,1,1,0,568837,12.0,133.0,0,0,,,Knuckleball,50.0,BACKFOOT DEFENCE,0,0,6,0,1,2,Outside Off stump,Good Length,1,0,0,0,0,0,0,0,60.9984999273664,-5.223282648536103,8.340690504946426,-1.074039653980782,1.821772836919629,-0.194112183235679,-0.293863204463729,-8.88982171283071,-25.2345838206383,1.11269742632493,-6.16438691928241,8.617833615123072,0.2161706658295434,0.5678782098449434,73.56466489378717,None,None,None,0.715415954589844,0.7499885559082031,7.568704,-0.590293,-0.180247027290274,0.0,-10.6,-23.0981503211975,1.8208953296915,1.8208953296915,-999.9,-999.9,-999.9,-8.840901,-0.076908,0.601451,-13.72755462156479,-10.06005382716624,0.02472103344733489,0.6135199277645018,-0.05950457697892546,1.98270029276135,-6.72877385158721e-03,-1.00000000000000e+00,KOTAMBI-STADIUM-VADODARA,2024-12-27,,R,R,R,West-Indies-Women,India-Women,Seam,1
1735,1,75,West Indies (Women),Shemaine Campbelle,Titas Sadhu,,2,1,0,0,0,0,0,0,1,0,0,0,0,0,0,0,0,,,0,1.1,1,1,0,568841,12.0,133.0,0,0,,,Knuckleball,49.0,FORWARD DEFENCE,0,0,1,1,1,2,Outside Off stump,Good Length,2,0,0,0,0,0,0,0,63.22079579207816,-4.258031074670722,8.340876963400348,-0.7892011641442193,1.865020289908623,-0.198461242726145,0.422878863693585,-9.12423764277908,-25.7999615543988,0.795964294186015,-6.14959737728836,8.919539223522253,0.2156525104138924,0.6044202125237343,79.09778083717093,Defended,Missed,None,0.6888427734375,0.722259521484375,6.424111,-0.477438,-0.184285439674277,0.0,-10.6,-23.6830456416454,0.261850873330685,0.261850873330685,-999.9,-999.9,-999.9,-8.840665,-0.418694,0.600949,-13.40668163357883,-10.05997163175162,-0.4045735983284501,0.6577375623415119,0.5305922041635761,-1.133629859058448,5.14860872566757e-02,-1.00000000000000e+00,KOTAMBI-STADIUM-VADODARA,2024-12-27,,R,R,R,West-Indies-Women,India-Women,Seam,1
1735,1,75,West Indies (Women),Shemaine Campbelle,Titas Sadhu,,2,2,0,0,0,0,0,0,1,0,0,0,0,0,0,0,0,,,0,1.2,1,1,0,568842,-16.0,29.5,0,0,,,Knuckleball,49.0,FORWARD DEFENCE,0,0,2,1,1,2,Outside Off stump,Good Length,0,0,0,0,0,0,0,0,62.37608876327334,-5.637286309663876,8.340698823928847,-0.8661899860408375,1.8934096630569,-0.196659347546415,-1.26758299178143,-8.55598958416685,-25.565715181034,0.613858734344896,-6.26578479983101,9.778157198093485,0.2838160499888952,0.6231961642617224,75.09781964036885,Defended,Played,None,0.692916870117188,0.6354560852050781,7.416343,-0.505173,-0.1826122512931,0.0,-10.6,-22.657952949479,1.13783677133172,1.13783677133172,-7.594757,-0.251442,0.644006,-8.840924,-0.185918,0.715175,-13.770919260977,-10.05991424443271,-0.1211487852522801,0.7509778094291669,-0.9721956362885384,1.499398191731032,-7.85309385254203e-02,-1.00000000000000e+00,KOTAMBI-STADIUM-VADODARA,2024-12-27,,R,R,R,West-Indies-Women,India-Women,Seam,1
1735,1,75,West Indies (Women),Shemaine Campbelle,Titas Sadhu,,2,3,0,0,0,0,0,0,1,0,0,0,0,0,0,0,0,,,0,1.3,1,1,0,568843,45.0,38.0,0,0,,,Knuckleball,49.0,FORWARD DEFENCE,0,0,3,1,1,2,Outside Off stump,Good Length,0,0,0,0,0,0,0,0,62.93480222458037,-4.557388989037688,8.340766278699338,-0.818893541567038,1.858807029831119,-0.197688229081078,0.414122018974059,-8.68860475497868,-25.6994697805401,0.931082317766027,-6.05714818161341,9.206096965873394,0.2426430271253039,0.623450077846811,79.25320896449125,Defended,Played,None,0.673942565917969,0.6179466247558594,6.588157,-0.449345,-0.183567641289572,0.0,-10.6,-23.3000523440731,1.18774214259757,1.18774214259757,-7.552247,-0.237926,0.539103,-8.840726,-0.169704,0.630148,-13.26209530939635,-10.05983297527783,-0.104486946266322,0.6844891360357168,0.544717955448545,0.8432830057290852,5.50541447300458e-02,-1.00000000000000e+00,KOTAMBI-STADIUM-VADODARA,2024-12-27,,R,R,R,West-Indies-Women,India-Women,Seam,1
1735,1,75,West Indies (Women),Shemaine Campbelle,Titas Sadhu,,2,4,0,0,0,0,0,0,1,0,0,0,0,0,0,0,0,,,0,1.4,1,1,0,568845,-47.0,23.0,0,0,,,Knuckleball,50.0,BACKFOOT DEFENCE,0,0,4,1,1,2,Outside Off stump,Good Length,0,0,0,0,0,0,0,0,64.0213667446015,-6.176965416511774,8.340668185503588,-0.8198082728131155,1.840501804912119,-0.202488748981243,-0.59305377238787,-8.67458857414724,-26.3235373675616,0.566601230503197,-6.39450858557327,8.158056001222686,0.2322716497780227,0.5386277629856933,67.56699947005171,Defended,Played,None,0.670074462890625,0.6380081176757812,7.937516,-0.559861,-0.188025266911155,0.0,-10.6,-24.0260851212312,0.937468179616701,0.937468179616701,-8.120875,-0.32014,0.56398,-8.840947,-0.290572,0.581849,-13.65380944670247,-10.06015819524973,-0.2401051173617828,0.5879905780829121,-0.3646338040917723,1.001403925492408,-2.57032019436140e-02,-1.00000000000000e+00,KOTAMBI-STADIUM-VADODARA,2024-12-27,,R,R,R,West-Indies-Women,India-Women,Seam,1
1735,1,75,West Indies (Women),Shemaine Campbelle,Titas Sadhu,,2,5,1,1,1,1,0,0,0,0,0,0,0,0,0,0,0,,,0,1.5,1,1,0,568847,-29.5,-76.0,1,0,,,Knuckleball,27.0,FORWARD PUSH,0,0,5,1,2,2,Outside Off stump,Good Length,0,0,0,0,0,0,0,0,63.74696709921975,-4.347238661495756,8.340566674025084,-0.745152217730108,1.881594157952163,-0.199804730534327,-0.391526251294542,-8.8304713186704,-25.9746149694625,0.605607898160791,-6.11075699054089,9.04501284530583,0.2142058062853857,0.6214194467263704,81.792336380417,Defended,Edged,None,0.657062530517578,0.6104164123535156,6.241877,-0.434952,-0.185532964067589,0.0,-10.6,-23.854176190331,0.494511544050106,0.494511544050106,-7.646573,-0.35438,0.509253,-8.84064,-0.328744,0.602335,-13.23860300810128,-10.06016483342093,-0.3023040010982291,0.6684928970241779,-0.2390024326639801,-0.1480244617115704,-2.40216728308352e-02,-1.00000000000000e+00,KOTAMBI-STADIUM-VADODARA,2024-12-27,,R,R,R,West-Indies-Women,India-Women,Seam,1
1735,1,75,West Indies (Women),Deandra Dottin,Titas Sadhu,,2,6,0,0,0,0,0,0,1,0,0,0,0,0,0,0,0,,,0,1.6,1,1,0,568849,-24.5,-41.0,0,0,,,Knuckleball,49.0,FORWARD DEFENCE,0,0,6,1,2,2,Outside Off stump,Good Length,0,0,0,0,0,0,0,0,64.03897725518588,-5.28785358487443,8.340479301963246,-0.8061421773304532,1.859362846150674,-0.203397029576731,-1.1335155176203,-8.39534975269875,-26.441613844975,0.703290374288665,-6.14112054917778,8.425481658245465,0.1928305239350874,0.5924105812149856,79.5785347887391,Defended,Played,None,0.675178527832031,0.6185073852539062,6.96929,-0.417422,-0.18886867032125,-1.05677125403005,-10.6,-24.5613355813911,0.437948983473645,0.437948983473645,-8.009494,-0.350036,0.557277,-8.84079,-0.342852,0.602701,-13.07525727249331,-10.05983355290835,-0.3346411549942706,0.645668186430111,-0.8113723389168861,-0.5020629561802352,-7.44465708301155e-02,-1.00000000000000e+00,KOTAMBI-STADIUM-VADODARA,2024-12-27,,R,R,R,West-Indies-Women,India-Women,Seam,1
1735,1,75,West Indies (Women),Shemaine Campbelle,Renuka Singh,,3,1,0,0,0,0,0,0,1,0,0,0,0,0,0,0,0,,,0,2.1,1,1,0,568851,39.5,53.0,0,0,,,Knuckleball,49.0,FORWARD DEFENCE,0,0,1,2,2,2,Outside Off stump,Good Length,1,0,0,0,0,0,0,0,62.978663,-4.21542425181821,8.340668410268933,-1.110891317805891,1.817251834935589,-0.197735886617941,0.150314206247279,-9.05890319896535,-25.7056652603324,1.58040452740289,-6.04262147358144,8.523361557210743,0.1671606289689588,0.5974004555500124,82.89400543560599,Defended,Played,None,0.715415954589844,0.6051750183105469,6.61373,-0.431693,-0.18361189471666,0.0,-10.6,-24.0869829103689,1.60934009590444,1.60934009590444,-7.390251,-0.164139,0.491273,-8.840935,-0.063635,0.585986,-13.2283323808462,-10.06010238060094,0.02173000211856485,0.6339640931091766,0.4262453623139487,0.3042997095125615,4.02371287143125e-02,-1.00000000000000e+00,KOTAMBI-STADIUM-VADODARA,2024-12-27,,R,R,R,West-Indies-Women,India-Women,Seam,1
1735,1,75,West Indies (Women),Shemaine Campbelle,Renuka Singh,,3,2,0,0,0,0,0,0,1,0,0,0,0,0,0,0,0,,,0,2.2,1,1,0,568853,-66.5,29.5,0,0,,,Knuckleball,50.0,BACKFOOT DEFENCE,0,0,2,2,2,2,Outside Off stump,Good Length,0,0,0,0,0,0,0,0,60.99355787499151,-3.651275724308376,8.341035489726188,-1.111660272809356,1.852076824499141,-0.190726168800177,2.00989855247139,-8.37744303396326,-24.794401944023,2.11450311670256,-5.7803324862343,10.67618220288649,0.2944355378731475,0.7155053649619554,87.88225095697857,Defended,Played,None,0.706031799316406,0.6320114135742188,5.859088,-0.324912,-0.177102871028736,0.0,-10.6,-21.9383990561787,1.07504505984021,1.07504505984021,-7.429338,-0.164612,0.53639,-8.840711,-0.093181,0.682776,-13.1230029247107,-10.0601382412176,-0.03078059462154892,0.7723584667472694,2.465070517471954,-2.069059105935402,2.57394910233402e-01,-1.00000000000000e+00,KOTAMBI-STADIUM-VADODARA,2024-12-27,,R,R,R,West-Indies-Women,India-Women,Seam,1
1735,1,75,West Indies (Women),Shemaine Campbelle,Renuka Singh,,3,3,1,1,1,1,0,0,0,0,0,0,0,0,0,0,0,,,0,2.3,1,1,0,568854,94.0,63.5,1,0,,,Knuckleball,40.0,FRONTFOOT FLICK,0,0,3,2,3,2,Outside Off stump,Good Length,0,0,0,0,0,0,0,0,60.56936754385055,-3.46480781197746,8.340783176961882,-1.095097115438624,1.820138282039385,-0.190430841426471,1.66187783732988,-8.37260449153187,-24.7560093854412,1.99055555089564,-5.70409711865731,10.87054535905488,0.2869644344030066,0.7385642644336836,92.0881962247519,Attacked,Played,None,0.721412658691406,0.6220550537109375,5.82383,-0.325207,-0.176828638467437,0.0,-10.6,-21.9377101034638,1.51701053506512,1.51701053506512,-7.208,-0.117201,0.516476,-8.840643,-0.000745,0.697075,-12.97521637581939,-10.05999605770139,0.08727440008423859,0.7921239929912731,2.098763993062323,-0.6413369137033381,2.15875577945007e-01,-1.00000000000000e+00,KOTAMBI-STADIUM-VADODARA,2024-12-27,,R,R,R,West-Indies-Women,India-Women,Seam,1
1735,1,75,West Indies (Women),Deandra Dottin,Renuka Singh,,3,4,0,0,0,0,0,0,1,0,0,0,0,0,0,0,0,,,0,2.4,1,1,0,568856,-12.5,35.0,0,0,,,Knuckleball,49.0,FORWARD DEFENCE,0,0,4,2,3,2,Outside Off stump,Good Length,0,0,0,0,0,0,0,0,61.67136662426358,-4.039248795966902,8.340870650964735,-1.121071297940827,1.837470106611713,-0.19578467263775,-0.236653737800957,-8.60931431555858,-25.4520074429075,1.17017389552415,-5.90492165473633,9.685686960887203,0.294845427661677,0.6518301168880771,78.28997476704387,Defended,Played,None,0.705734252929688,0.6390380859375,6.217778,-0.560887,-0.181800053163625,0.0,-10.6,-22.5515305915212,1.52437556184106,1.52437556184106,-7.868285,-0.28423,0.560842,-8.840673,-0.21602,0.636377,-13.06167055403777,-10.06016346141233,-0.1296840342267421,0.7015509673859519,0.002841272490237079,1.234678089090147,6.62658084282897e-04,-1.00000000000000e+00,KOTAMBI-STADIUM-VADODARA,2024-12-27,,R,R,R,West-Indies-Women,India-Women,Seam,1
1735,1,75,West Indies (Women),Deandra Dottin,Renuka Singh,,3,5,0,0,0,0,0,0,1,0,0,0,0,0,0,0,0,,,0,2.5,1,1,0,568857,-25.0,34.0,0,0,,,Knuckleball,49.0,FORWARD DEFENCE,0,0,5,2,3,2,Outside Off stump,Good Length,0,0,0,0,0,0,0,0,62.20807035726931,-3.678691341663907,8.34051655564447,-1.100805046819921,1.82621645172526,-0.195148975677687,0.367813144791537,-8.78709880841994,-25.3693668380993,1.69923573996451,-5.8808837686908,8.526558351422468,0.2183265187230762,0.5952129981164911,77.44929784516604,Defended,Played,None,0.690181732177734,0.6389694213867188,6.025015,-0.348944,-0.181209763129281,0.0,-10.6,-23.3475429119964,1.19357624696189,1.19357624696189,-8.01145,-0.142456,0.486806,-8.840932,-0.098554,0.540935,-13.05124370261639,-10.05980914808117,-0.03350822104698647,0.5947702256099043,0.6844539617832208,-0.9054028037977243,7.13003744163930e-02,-1.00000000000000e+00,KOTAMBI-STADIUM-VADODARA,2024-12-27,,R,R,R,West-Indies-Women,India-Women,Seam,1
1735,1,75,West Indies (Women),Deandra Dottin,Renuka Singh,,3,6,1,1,1,1,0,0,0,0,0,0,0,0,0,0,0,,,0,2.6,1,1,0,568858,52.5,-107.5,1,0,,,Knuckleball,18.0,SLOG SHOT,0,0,6,2,4,2,Outside Off stump,Good Length,0,0,0,0,0,0,0,0,62.04077082823505,-4.811040423503786,8.340983002574283,-1.049367372016943,1.822621134396737,-0.195387455848803,1.0272889517768,-8.64120157858639,-25.4003692603444,1.56606420236625,-6.01861334324354,8.273813344546571,0.1802629638947719,0.5729907549287444,77.92231684983447,Attacked,Edged,None,0.696567535400391,0.6353302001953125,7.074712,-0.473697,-0.18143120900246,0.0,-10.6,-23.7152349852228,1.12727602058401,1.12727602058401,-7.821257,-0.239465,0.526924,-8.840587,-0.188946,0.572122,-13.33037581256445,-10.06002913656609,-0.1279643601716965,0.5983224895419021,1.191273128247951,-0.8066756826326634,1.13383434741157e-01,-1.00000000000000e+00,KOTAMBI-STADIUM-VADODARA,2024-12-27,,R,R,R,West-Indies-Women,India-Women,Seam,1
1735,1,75,West Indies (Women),Deandra Dottin,Titas Sadhu,,4,1,0,0,0,0,0,0,1,0,0,0,0,0,0,0,0,,,0,3.1,1,1,0,568859,-76.0,40.0,0,0,,,Knuckleball,50.0,BACKFOOT DEFENCE,0,0,1,3,4,2,Outside Off stump,Short of Good Length,1,0,0,0,0,0,0,0,63.24780766522122,-7.42322266462482,8.340811355545902,-0.6911188588858781,1.856366639541578,-0.200678174523932,-0.207928737014358,-8.3085911309377,-26.0881626881112,0.820601283422444,-6.61238419024855,8.384820722658574,0.2463483591260791,0.5263373951694266,64.31577336280608,Defended,Played,None,0.695766448974609,0.6689987182617188,8.761861,-0.385433,-0.186344019200794,-1.043513627439,-10.6,-23.6121350541477,0.350624574446552,0.350624574446552,-8.467952,-0.326814,0.597365,-8.840587,-0.326551,0.598676,-14.22283500114835,-10.06024955093119,-0.3277564910726172,0.5819384847981698,-0.0270966040022845,-0.9508987274851866,1.46082889778682e-02,-1.00000000000000e+00,KOTAMBI-STADIUM-VADODARA,2024-12-27,,R,R,R,West-Indies-Women,India-Women,Seam,1
1735,1,75,West Indies (Women),Deandra Dottin,Titas Sadhu,,4,2,4,4,4,0,0,0,0,0,0,0,0,0,1,0,0,,,0,3.2,1,1,0,568860,18.5,232.5,4,0,,,Knuckleball,47.0,FRONTFOOT ON DRIVE,0,0,2,3,8,2,Leg stump,Full Length,0,0,0,0,0,0,0,0,61.16839552491324,-2.794887796521557,8.340532727471302,-0.7655110882130379,1.880790902243973,-0.19710028440776,-0.0757093454182845,-8.61136158855184,-25.6230369730088,1.16134898462636,-5.80804675383846,8.251119291556929,0.2154105294308837,0.5904037016504763,77.01950230448307,Attacked,Played,None,0.708297729492188,0.61981201171875,4.547849,-0.158907,-0.183021692664349,0.0,-10.6,-23.6467849463601,0.777551517070189,0.777551517070189,-7.996576,-0.076419,0.337513,-8.840947,-0.048015,0.414626,-12.77157939787185,-10.06015622147705,-0.006664376214303408,0.5016025147691534,0.1711509239010494,-0.711804958590126,-3.73437864889610e-01,-1.00000000000000e+00,KOTAMBI-STADIUM-VADODARA,2024-12-27,,R,R,R,West-Indies-Women,India-Women,Seam,1
1735,1,75,West Indies (Women),Deandra Dottin,Titas Sadhu,,4,3,0,0,0,0,0,0,1,0,0,0,0,0,0,0,0,,,0,3.3,1,1,0,568861,37.0,136.5,0,0,,,Knuckleball,106.0,BACKFOOT PULL SHOT,0,0,3,3,8,2,Outside Off stump,Short of Good Length,0,0,0,0,0,0,0,0,64.85023873582543,-8.68927226430403,8.340788568490673,-0.9310360943515315,1.82461133778569,-0.206353803725867,-1.35339418163262,-8.27803607858354,-26.8259944843626,0.76269812238027,-6.99094407993782,8.948269872696562,0.1922358133794022,0.5572340507170913,74.36152626962348,Attacked,Played,None,0.680042266845703,0.6530685424804688,9.644334,-0.622578,-0.191614246316876,-0.891238020456356,-10.6,-24.7403485432507,0.428116477135099,0.428116477135099,-8.493733,-0.528889,0.7402,-8.84093,-0.527076,0.743829,-14.60659202543802,-10.06008546451987,-0.5222732220139109,0.7375662104744254,-0.7517717705976845,-0.6371860711048404,-2.17757472997826e-02,-1.00000000000000e+00,KOTAMBI-STADIUM-VADODARA,2024-12-27,,R,R,R,West-Indies-Women,India-Women,Seam,1
1735,1,75,West Indies (Women),Deandra Dottin,Titas Sadhu,,4,4,0,0,0,0,0,0,1,0,0,0,0,0,0,0,0,,,0,3.4,1,1,0,568862,37.0,136.5,0,0,,,Knuckleball,105.0,LEFT ALONE,0,0,4,3,8,2,Outside Off stump,Good Length,0,0,0,0,0,0,0,0,64.43954033245954,-5.469609120970965,8.341006072112162,-0.8350151712887282,1.8655376482591,-0.202542326806069,-2.60894599107191,-7.93834501154825,-26.330502484789,0.150445173154572,-6.05023727208971,10.17853598500055,0.2709485429029622,0.6987090150133354,87.7114979617041,None,None,None,0.670257568359375,0.7204742431640625,6.955954,-0.545955,-0.188075017748493,0.0,-10.6,-23.5452588700854,-0.214240113187372,-0.214240113187372,-999.9,-999.9,-999.9,-8.840901,-0.599389,0.75857,-12.94082195934437,-10.06000698961806,-0.6110741574429405,0.829176481644051,-2.145638156934613,-0.8486928950007253,-2.06018551606400e-01,-1.00000000000000e+00,KOTAMBI-STADIUM-VADODARA,2024-12-27,,R,R,R,West-Indies-Women,India-Women,Seam,1
1735,1,75,West Indies (Women),Deandra Dottin,Titas Sadhu,,4,5,0,0,0,0,0,0,1,0,0,0,0,0,0,0,0,,,0,3.5,1,1,0,568863,37.0,136.5,0,0,,,Knuckleball,40.0,FRONTFOOT FLICK,0,0,5,3,8,2,Outside Off stump,Good Length,0,0,0,0,0,0,0,0,64.76118724683072,-4.232645554354571,8.340619617403412,-0.8266260913136425,1.868303281412289,-0.203233213863119,-0.378500729833699,-8.39482026221557,-26.4203178022054,1.34044743585424,-5.94389724815892,8.801257160037807,0.1907624265197498,0.639676306720377,86.87520335608157,Attacked,Edged,None,0.664180755615234,0.6033210754394531,5.8733,-0.181054,-0.188716555730039,0.0,-10.6,-24.5569615723445,1.36945177989085,1.36945177989085,-7.833942,0.025244,0.490249,-8.840589,0.083231,0.574128,-12.67899172999787,-10.06000176019117,0.1541003885041209,0.6508344172792577,-0.08318896450710433,0.2874313330686932,-1.07504987260726e-02,-1.00000000000000e+00,KOTAMBI-STADIUM-VADODARA,2024-12-27,,R,R,R,West-Indies-Women,India-Women,Seam,1
1735,1,75,West Indies (Women),Deandra Dottin,Titas Sadhu,,4,6,0,0,0,0,0,0,1,0,0,0,0,0,0,0,0,,,0,3.6,1,1,0,568864,43.0,133.5,0,0,,,Knuckleball,47.0,FRONTFOOT ON DRIVE,0,0,6,3,8,2,Outside Off stump,Good Length,0,0,0,0,0,0,0,0,64.39235490759091,-4.620158354940681,8.341094029438604,-0.8659520709297944,1.876506037664065,-0.204453431406746,-1.50487790673149,-8.58312827275237,-26.578946082877,0.435013074378413,-6.0915521233434,7.839431133327055,0.2108563755899425,0.5555630309508442,72.24881708363239,Attacked,Played,None,0.666446685791016,0.6151542663574219,6.276805,-0.533113,-0.189849614877693,0.0,-10.6,-24.579745144847,0.482188418686377,0.482188418686377,-8.109717,-0.446788,0.472106,-8.840868,-0.431905,0.512938,-12.90852211912544,-10.05987525081732,-0.4068966197930373,0.5588124232917977,-1.213192066555012,0.1861782478637332,-1.23217400721519e-01,-1.00000000000000e+00,KOTAMBI-STADIUM-VADODARA,2024-12-27,,R,R,R,West-Indies-Women,India-Women,Seam,1
1735,1,75,West Indies (Women),Shemaine Campbelle,Renuka Singh,,5,1,1,1,1,1,0,0,0,0,0,0,0,0,0,0,0,,,0,4.1,1,1,0,568865,72.0,40.0,1,0,,,Knuckleball,40.0,FRONTFOOT FLICK,0,0,1,4,9,2,Outside Off stump,Good Length,1,0,0,0,0,0,0,0,62.20018969337653,-3.799235378792011,8.341043828506553,-1.06313068497247,1.834233572395076,-0.194328756037746,2.22254878975883,-7.95423112364406,-25.262738284907,2.10912893091704,-5.64709544150933,9.27271798502784,0.2022097547421635,0.6760276852599434,91.18317731477516,Attacked,Played,None,0.690834045410156,0.6242637634277344,5.73328,-0.308364,-0.180448130606478,0.0,-10.6,-23.3824580480221,1.5947222457092,1.5947222457092,-7.690855,-0.075894,0.486611,-8.841017,0.005009,0.588252,-12.60044152684468,-10.06000540017756,0.09156979779223678,0.6667907068358301,2.61246560578364,-0.8708026025241262,2.75540709614249e-01,-1.00000000000000e+00,KOTAMBI-STADIUM-VADODARA,2024-12-27,,R,R,R,West-Indies-Women,India-Women,Seam,1
1735,1,75,West Indies (Women),Deandra Dottin,Renuka Singh,,5,2,0,0,0,0,0,0,1,0,0,0,0,0,0,0,0,,,0,4.2,1,1,0,568866,72.0,40.0,0,0,,,Knuckleball,40.0,FRONTFOOT FLICK,0,0,2,4,9,2,Outside Off stump,Good Length,0,0,0,0,0,0,0,0,63.28668812513009,-5.644802417781968,8.340768005293526,-1.091036765230743,1.806539845178078,-0.199929875122571,0.0594860784770397,-8.79202921723351,-25.9908837659342,1.50204795745522,-6.23384451628695,10.58142391221268,0.1955327563893391,0.714834770204403,97.67193989172654,Defended,Missed,None,0.672832489013672,0.6731071472167969,7.775435,-0.505383,-0.185649169756673,0.0,-10.6,-23.8540975744238,2.0729892485801,2.0729892485801,-8.796389,0.075356,0.868131,-8.840955,0.079437,0.871037,-13.48746297243867,-10.06016733833522,0.1916489295007832,0.9348493143661096,0.2969188869347889,1.659168211966099,2.59448096684922e-02,-1.00000000000000e+00,KOTAMBI-STADIUM-VADODARA,2024-12-27,,R,R,R,West-Indies-Women,India-Women,Seam,1
1735,1,75,West Indies (Women),Deandra Dottin,Renuka Singh,,5,3,0 WK,W,0,0,0,0,1,0,0,0,0,0,0,0,1,Bowled,WICKET,1,4.3,1,1,0,568867,72.0,40.0,0,0,,,Knuckleball,11.0,LOFTED ON DRIVE,0,0,3,4,9,3,Outside Off stump,Good Length,1,0,0,0,0,0,0,0,61.21393149729154,-3.377166438455555,8.340622331029195,-1.003383343416686,1.828409344775774,-0.192702322649368,-0.227678399109563,-8.73611162344397,-25.0513019444179,1.18840447718156,-5.82472035278001,8.0381736594001,0.2174149767251023,0.5586314051339494,72.05321309758217,None,None,None,0.701385498046875,0.7373428344726562,5.772497,-0.405312,-0.178937871031556,0.0,-10.6,-23.041102366394,1.72591374326417,1.72591374326417,-999.9,-999.9,-999.9,-8.840913,-0.058058,0.477305,-13.08936779447557,-10.06014219397352,0.03708474260033784,0.5230040577234234,0.01228888050588537,1.567781410161058,1.54066979206524e-03,-1.00000000000000e+00,KOTAMBI-STADIUM-VADODARA,2024-12-27,,R,R,R,West-Indies-Women,India-Women,Seam,1
1735,1,75,West Indies (Women),Chinelle Henry,Renuka Singh,,5,4,0,0,0,0,0,0,1,0,0,0,0,0,0,0,0,,,0,4.4,1,1,0,568868,-11.5,51.0,0,0,,,Knuckleball,49.0,FORWARD DEFENCE,0,0,4,4,9,3,Outside Off stump,Good Length,2,0,0,0,0,0,0,0,63.15376674377893,-3.368707027212663,8.34047912884121,-1.122183922337282,1.821980182134238,-0.197090740299637,-0.0452457646858905,-8.777709099168,-25.6217962389528,1.4995009235202,-5.83448357744137,9.224435998625285,0.2369317520129367,0.6494338382269867,83.72190053275435,Defended,Played,None,0.685203552246094,0.6318511962890625,5.614775,-0.403332,-0.183012830278234,0.0,-10.6,-23.3316249188321,1.58650459064417,1.58650459064417,-8.03066,-0.156035,0.501068,-8.841011,-0.099152,0.57087,-12.82839404715347,-10.06001343273467,-0.01287459755827702,0.650733134734953,0.2556048434572004,0.5406300881679039,2.66581560245162e-02,-1.00000000000000e+00,KOTAMBI-STADIUM-VADODARA,2024-12-27,,R,R,R,West-Indies-Women,India-Women,Seam,1
1735,1,75,West Indies (Women),Chinelle Henry,Renuka Singh,,5,5,0,0,0,0,0,0,1,0,0,0,0,0,0,0,0,,,0,4.5,1,1,0,568869,-11.5,51.0,0,0,,,Knuckleball,40.0,FRONTFOOT FLICK,0,0,5,4,9,3,Leg stump,Yorker,0,0,0,0,0,0,0,0,61.21785762548892,-0.6749397974743685,8.340691056873194,-1.076046247643555,1.861026334171091,-0.18772195464077,1.9991636853075,-8.58825422813647,-24.4038541033001,2.54209282760484,-5.60714939257969,8.93420856502569,0.1371747362932078,0.6500000000000002,93.78252637067926,Defended,Played,None,0.695297241210938,0.6375732421875,2.483088,0.109684,-0.174313243595001,-0.394985735495239,-10.6,-23.1836613981351,1.9649881862246,1.9649881862246,-8.092,0.153328,0.115181,-8.840982,0.216743,0.220439,-12.93997105068576,-10.05992911879055,0.3198190565985952,0.3687630191885368,3.204739103016494,-1.10225476826983,4.01170473023655e-01,-1.00000000000000e+00,KOTAMBI-STADIUM-VADODARA,2024-12-27,,R,R,R,West-Indies-Women,India-Women,Seam,1
1735,1,75,West Indies (Women),Chinelle Henry,Renuka Singh,,5,6,0,0,0,0,0,0,1,0,0,0,0,0,0,0,0,,,0,4.6,1,1,0,568870,24.0,60.0,0,0,,,Knuckleball,49.0,FORWARD DEFENCE,0,0,6,4,9,3,Leg stump,Full Length,0,0,0,0,0,0,0,0,60.734491779081,-3.848119116250938,8.340771302293028,-1.033977520328442,1.855980191482862,-0.190852819968389,1.80135027090344,-8.43694143833941,-24.8108665958906,1.9082815072138,-5.83590633497232,8.90423647887447,0.2198774177213008,0.6108267922833271,79.63627707036899,Defended,Played,None,0.711296081542969,0.6571197509765625,6.061402,-0.330623,-0.177220475684933,0.0,-10.6,-22.7528697122661,1.71160166017239,1.71160166017239,-8.07335,-0.019127,0.50869,-8.84095,0.040694,0.559381,-13.23626468560555,-10.0601572282544,0.136477804762746,0.6135833332957186,2.179605305677127,-0.09612380531623617,2.22651015036223e-01,-1.00000000000000e+00,KOTAMBI-STADIUM-VADODARA,2024-12-27,,R,R,R,West-Indies-Women,India-Women,Seam,1
1735,1,75,West Indies (Women),Shemaine Campbelle,Titas Sadhu,,6,1,0,0,0,0,0,0,1,0,0,0,0,0,0,0,0,,,0,5.1,1,1,0,568871,-59.0,18.5,0,0,,,Knuckleball,49.0,FORWARD DEFENCE,0,0,1,5,9,3,Outside Off stump,Good Length,1,0,0,0,0,0,0,0,64.68419206029519,-4.549390682543446,8.340825519766042,-0.8584589822882037,1.870711834595511,-0.202654247973001,-0.221844869419342,-8.43407596543904,-26.3450522364901,0.773977138058784,-6.01690407857045,7.940097292404279,0.1954854881269251,0.5680695531163102,75.66188415475402,Defended,Played,None,0.639873504638672,0.605438232421875,6.23067,-0.495048,-0.188178944546358,0.0,-10.6,-24.506355306572,0.527327907059677,0.527327907059677,-7.783373,-0.408646,0.453787,-8.840568,-0.385087,0.518321,-12.86503456001223,-10.0599323129245,-0.3576645697984919,0.5667888873782208,-0.05068037050895711,-0.4500771994283194,-3.74169881460684e-03,-1.00000000000000e+00,KOTAMBI-STADIUM-VADODARA,2024-12-27,,R,R,R,West-Indies-Women,India-Women,Seam,1
1735,1,75,West Indies (Women),Shemaine Campbelle,Titas Sadhu,,6,2,0,0,0,0,0,0,1,0,0,0,0,0,0,0,0,,,0,5.2,1,1,0,568872,46.0,35.5,0,0,,,Knuckleball,50.0,BACKFOOT DEFENCE,0,0,2,5,9,3,Outside Off stump,Good Length,0,0,0,0,0,0,0,0,64.23452,-7.023043032187481,8.340775951548622,-0.8369203084885793,1.84035952439601,-0.203664654904488,-1.493306845732,-8.24913997256194,-26.4764051375834,0.338485950293337,-6.47231704346123,9.270399081328558,0.2281336524140773,0.6076364017538255,78.33209502166609,Defended,Played,None,0.667270660400391,0.6416015625,8.534056,-0.619003,-0.189117179554167,0.0,-10.6,-24.0943192809318,0.71101321500227,0.71101321500227,-8.151804,-0.418209,0.735647,-8.840965,-0.396695,0.759217,-13.73689499572869,-10.0601901051904,-0.3583294343007347,0.7771633067939956,-1.026693879908535,0.9578293792503398,-8.53450935304113e-02,-1.00000000000000e+00,KOTAMBI-STADIUM-VADODARA,2024-12-27,,R,R,R,West-Indies-Women,India-Women,Seam,1
1735,1,75,West Indies (Women),Shemaine Campbelle,Titas Sadhu,,6,3,0,0,0,0,0,0,1,0,0,0,0,0,0,0,0,,,0,5.3,1,1,0,568873,-10.0,40.5,0,0,,,Knuckleball,49.0,FORWARD DEFENCE,0,0,3,5,9,3,Outside Off stump,Good Length,0,0,0,0,0,0,0,0,64.2995441798151,-5.734944957894146,8.340657190163906,-0.8244961418676278,1.866692008742495,-0.202768492667117,0.152060519892344,-8.47006349998748,-26.3599040467252,0.940656087338516,-6.25805482868425,7.812182264627122,0.2973057332138082,0.5160477717162986,57.67659243606396,Defended,Played,None,0.675716400146484,0.60845947265625,7.420272,-0.46049,-0.18828502890518,0.0,-10.6,-23.5383760944543,0.910810506717355,0.910810506717355,-7.45383,-0.270528,0.484377,-8.841009,-0.214377,0.527034,-13.35523419815945,-10.06024444961061,-0.1644805895549545,0.5311349205463064,0.2808138256075616,0.1721987400533754,2.89841653784227e-02,-1.00000000000000e+00,KOTAMBI-STADIUM-VADODARA,2024-12-27,,R,R,R,West-Indies-Women,India-Women,Seam,1
1735,1,75,West Indies (Women),Shemaine Campbelle,Titas Sadhu,,6,4,0,0,0,0,0,0,1,0,0,0,0,0,0,0,0,,,0,5.4,1,1,0,568874,-66.5,48.5,0,0,,,Knuckleball,51.0,FRONTFOOT COVERDRIVE,0,0,4,5,9,3,Outside Off stump,Full Length,0,0,0,0,0,0,0,0,63.42772891764508,-4.000469087232225,8.34092638425684,-0.7855666100724723,1.873556056300918,-0.199403301874719,-1.99247888290164,-8.44545152070905,-25.9224292437134,-0.105681528798212,-5.91772473908391,8.619740850042323,0.1669242695484866,0.622965849604286,86.75245048579426,Attacked,Played,None,0.673622131347656,0.6061248779296875,5.765436,-0.619151,-0.185160208883667,0.0,-10.6,-24.319438252561,0.0323132176286694,0.0323132176286694,-7.677986,-0.614597,0.448838,-8.840761,-0.613003,0.544048,-12.8594525440242,-10.06004374080875,-0.6113171877155787,0.6167588143113857,-1.887363674537446,0.3097130925217414,-1.99547435672143e-01,-1.00000000000000e+00,KOTAMBI-STADIUM-VADODARA,2024-12-27,,R,R,R,West-Indies-Women,India-Women,Seam,1
1735,1,75,West Indies (Women),Shemaine Campbelle,Titas Sadhu,,6,5,0,0,0,0,0,0,1,0,0,0,0,0,0,0,0,,,0,5.5,1,1,0,568875,10.0,51.0,0,0,,,Knuckleball,49.0,FORWARD DEFENCE,0,0,5,5,9,3,Outside Off stump,Good Length,0,0,0,0,0,0,0,0,64.8563299196513,-5.752509325814906,8.340561974176111,-0.8480556311696421,1.827023301779407,-0.204587874349963,0.787456522061778,-8.20342549128875,-26.5964236654952,0.960299683090265,-6.15164744311639,8.527470678091568,0.2192977276960999,0.5953803757602943,77.37728359443416,Defended,Played,None,0.654853820800781,0.60150146484375,7.437544,-0.52969,-0.189974454753537,0.0,-10.6,-24.4267098451592,1.30451171372993,1.30451171372993,-7.551622,-0.261269,0.564176,-8.840593,-0.189311,0.629769,-13.02327121403502,-10.0600426760619,-0.1205334647140462,0.662316708586569,0.7793250112047688,0.9891417339454622,7.15656711902753e-02,-1.00000000000000e+00,KOTAMBI-STADIUM-VADODARA,2024-12-27,,R,R,R,West-Indies-Women,India-Women,Seam,1
1735,1,75,West Indies (Women),Shemaine Campbelle,Titas Sadhu,,6,6,0,0,0,0,0,0,1,0,0,0,0,0,0,0,0,,,0,5.6,1,1,0,568876,-57.5,24.0,0,0,,,Knuckleball,49.0,FORWARD DEFENCE,0,0,6,5,9,3,Outside Off stump,Good Length,0,0,0,0,0,0,0,0,65.33655117707937,-6.095194176404716,8.340717914528653,-1.132031068439967,1.84700333159983,-0.206051057757042,-1.75702181272647,-8.36449273891366,-26.7866375084155,0.896672070578222,-6.31951831018561,8.882700639450741,0.2729686884124375,0.5939327725425247,71.79304704013497,Defended,Played,None,0.662155151367188,0.6121788024902344,7.659273,-0.656134,-0.19133312506011,-1.95155327887204,-10.6,-24.0159515502798,1.31741455681551,1.31741455681551,-7.733028,-0.407462,0.611752,-8.840816,-0.367417,0.664595,-13.27452435123958,-10.06000645946949,-0.3282763313904104,0.6941941886242154,-1.188791570611159,1.222622068183904,-9.20714373231023e-02,-1.00000000000000e+00,KOTAMBI-STADIUM-VADODARA,2024-12-27,,R,R,R,West-Indies-Women,India-Women,Seam,1
1735,1,75,West Indies (Women),Chinelle Henry,Renuka Singh,,7,1,0,0,0,0,0,0,1,0,0,0,0,0,0,0,0,,,0,6.1,1,1,0,568877,51.5,81.5,0,0,,41.0,INSWINGER,27.0,FORWARD PUSH,0,0,1,6,9,3,Off stump,Good Length,1,0,0,0,0,0,0,0,62.6223557867541,-3.584938594076804,8.340718368532293,-1.109194359472628,1.819411283321483,-0.195370097666255,2.68451864191506,-7.9778817254248,-25.3981126966132,2.41050359188194,-5.61055182465973,8.898646847207607,0.2359208838034313,0.6490863990442161,83.77087147628929,Defended,Played,None,0.682960510253906,0.6328697204589844,5.507277,-0.256911,-0.181415090690094,0.0,-10.6,-23.2592136727317,1.80877259968988,1.80877259968988,-7.968326,0.012309,0.462912,-8.840726,0.082253,0.534802,-12.45682871786209,-10.05984758803813,0.1808252537404848,0.609205346349229,3.142424707964853,-0.9749262745474551,3.41782955144037e-01,-1.00000000000000e+00,KOTAMBI-STADIUM-VADODARA,2024-12-27,,R,R,R,West-Indies-Women,India-Women,Seam,1
1735,1,75,West Indies (Women),Chinelle Henry,Renuka Singh,,7,2,0,0,0,0,0,0,1,0,0,0,0,0,0,0,0,,,0,6.2,1,1,0,568878,72.0,94.5,0,0,,41.0,INSWINGER,11.0,LOFTED ON DRIVE,0,0,2,6,9,3,Off stump,Good Length,0,0,0,0,0,0,0,0,61.16727962133561,-2.007722676325507,8.341047004063057,-1.170793159622675,1.851863547482675,-0.18958240062653,1.70530430545379,-8.513867219851,-24.6457120814489,2.39118668063135,-5.64050273699523,9.830375109322363,0.2438203604251801,0.6870384025679213,88.67372434267018,Attacked,Played,None,0.708492279052734,0.6313705444335938,4.117288,-0.113743,-0.176040800581778,0.0,-10.6,-22.3645620991343,1.85435732606006,1.85435732606006,-7.752215,0.037371,0.318027,-8.840909,0.129344,0.454352,-12.89090150087078,-10.06013853590982,0.2333081656458203,0.577051760740142,2.4999997074744,-0.8017937347185045,2.98315155609947e-01,-1.00000000000000e+00,KOTAMBI-STADIUM-VADODARA,2024-12-27,,R,R,R,West-Indies-Women,India-Women,Seam,1
1735,1,75,West Indies (Women),Chinelle Henry,Renuka Singh,,7,3,0,0,0,0,0,0,1,0,0,0,0,0,0,0,0,,,0,6.3,1,1,0,568879,72.0,94.5,0,0,,,Knuckleball,5.0,LOFTED OFF DRIVE,0,0,3,6,9,3,Outside Off stump,Good Length,0,0,0,0,0,0,0,0,60.75756330013639,-3.071009327580204,8.340996391289057,-1.025407874936684,1.805383828213778,-0.191549059693762,0.965246556346081,-8.66413354569183,-24.9013777601891,1.28103552132553,-5.72693052119228,10.29200212431217,0.2288447303814353,0.7187916090280958,94.93426831607084,Defended,Missed,None,0.70733642578125,0.7425270080566406,5.565348,-0.512309,-0.17786698400135,0.0,-10.6,-22.6694563641136,0.745061365887777,0.745061365887777,-999.9,-999.9,-999.9,-8.841017,-0.366967,0.638328,-12.9519201879578,-10.05979939140575,-0.32528970187205,0.7363444108724577,1.256414201825921,-1.062525548148251,1.34632343815749e-01,-1.00000000000000e+00,KOTAMBI-STADIUM-VADODARA,2024-12-27,,R,R,R,West-Indies-Women,India-Women,Seam,1
1735,1,75,West Indies (Women),Chinelle Henry,Renuka Singh,,7,4,1,1,1,1,0,0,0,0,0,0,0,0,0,0,0,,,0,6.4,1,1,0,568880,-78.0,4.5,1,0,,,Knuckleball,40.0,FRONTFOOT FLICK,0,0,4,6,10,3,Outside Off stump,Good Length,0,0,0,0,0,0,0,0,60.55156889506903,-4.023037511224167,8.341024177464085,-1.153415925708133,1.832995166421511,-0.190849623911839,1.72643364846022,-8.3313820906678,-24.8104511085391,2.1278468560756,-5.79607235753399,9.983943262993966,0.283303448819072,0.6693475750063718,82.07179136904857,Defended,Played,None,0.722705841064453,0.6543960571289062,6.289653,-0.348317,-0.177217507918136,0.0,-10.6,-22.0383446667469,2.32248309836853,2.32248309836853,-7.838026,0.087518,0.576617,-8.840886,0.197235,0.654094,-13.14928001253415,-10.06020511537587,0.3318823316082269,0.7168450750336264,2.111255815165921,1.113911069245905,2.14946685208450e-01,-1.00000000000000e+00,KOTAMBI-STADIUM-VADODARA,2024-12-27,,R,R,R,West-Indies-Women,India-Women,Seam,1
1735,1,75,West Indies (Women),Shemaine Campbelle,Renuka Singh,,7,5,0,0,0,0,0,0,1,0,0,0,0,0,0,0,0,,,0,6.5,1,1,0,568881,34.5,131.0,0,0,,,Knuckleball,27.0,FORWARD PUSH,0,0,5,6,10,3,Outside Off stump,Good Length,0,0,0,0,0,0,0,0,62.1842106958178,-2.162294968196117,8.341055119007986,-1.085720099246098,1.844469313283151,-0.19307388659151,0.891673818808702,-8.93448515599884,-25.0996052568963,1.77739729191076,-5.77088380350043,7.880055391852729,0.2067035911303128,0.5577030707219264,72.98510149525768,Attacked,Played,None,0.698101043701172,0.6071090698242188,4.436993,-0.270963,-0.179282894692117,0.0,-10.6,-23.2534987760384,1.53842167203827,1.53842167203827,-7.439346,-0.149947,0.262744,-8.840898,-0.055386,0.389293,-12.94837326225746,-10.06014390579917,0.02773106751115101,0.4674565943582194,1.360063227099499,-0.265468337795621,1.55564399322079e-01,-1.00000000000000e+00,KOTAMBI-STADIUM-VADODARA,2024-12-27,,R,R,R,West-Indies-Women,India-Women,Seam,1
1735,1,75,West Indies (Women),Shemaine Campbelle,Renuka Singh,,7,6,4,4,4,0,0,0,0,0,0,0,0,0,1,0,0,,,0,6.6,1,1,0,568882,58.5,-156.5,4,0,,,Knuckleball,54.0,LEG GLANCE,0,0,6,6,14,3,Off stump,Good Length,0,0,0,0,0,0,0,0,60.89835996432378,-3.195494039163604,8.340883515190647,-1.041976875877291,1.827343719771035,-0.190143774638463,1.97563822071873,-8.63196165141563,-24.7186907030002,2.43709235019301,-5.76008937657011,8.617041383352477,0.2263727210789052,0.5967792160434283,76.87961029862373,Attacked,Played,None,0.707565307617188,0.6189308166503906,5.658989,-0.082406,-0.176562076450001,0.0,-10.6,-22.6837867143482,1.8171796130195,1.8171796130195,-7.253755,0.1487,0.389951,-8.841002,0.279569,0.512937,-13.11730335100279,-10.06002151301878,0.3812201435328165,0.5705280488357936,2.539952618846562,-1.050633635643924,2.81476165928256e-01,-1.00000000000000e+00,KOTAMBI-STADIUM-VADODARA,2024-12-27,,R,R,R,West-Indies-Women,India-Women,Seam,1
1735,1,75,West Indies (Women),Chinelle Henry,Titas Sadhu,,8,1,0,0,0,0,0,0,1,0,0,0,0,0,0,0,0,,,0,7.1,1,1,0,568883,58.5,-156.5,0,0,,,Knuckleball,50.0,BACKFOOT DEFENCE,0,0,1,7,14,3,Outside Off stump,Good Length,1,0,0,0,0,0,0,0,65.13771238368031,-7.188307184482695,8.340714033955106,-0.7760173807919435,1.843778280038028,-0.206437129730372,0.851712049199302,-8.26283038744015,-26.8368268649484,1.18815505120069,-6.57336879996331,8.743576929799877,0.255869252504676,0.5656150071336531,69.25532581958036,Defended,Missed,None,0.672843933105469,0.6592826843261719,8.522317,-0.408089,-0.191691620463917,0.0,-10.6,-24.1742322524625,1.64109385428048,1.64109385428048,-8.688169,0.091635,0.672424,-8.840997,0.10264,0.675473,-13.76296979928687,-10.06018323709594,0.1909475461543759,0.6826809948493323,0.7775976684950104,1.34860910404756,6.51600203897643e-02,-1.00000000000000e+00,KOTAMBI-STADIUM-VADODARA,2024-12-27,,R,R,R,West-Indies-Women,India-Women,Seam,1
1735,1,75,West Indies (Women),Chinelle Henry,Titas Sadhu,,8,2,0,0,0,0,0,0,1,0,0,0,0,0,0,0,0,,,0,7.2,1,1,0,568884,58.5,-156.5,0,0,,,Knuckleball,36.0,CUT SHOT,0,0,2,7,14,3,Outside Off stump,Good Length,0,0,0,0,0,0,0,0,64.62926458424238,-5.318875103817315,8.340671666192971,-0.7992350781743014,1.84296307463682,-0.203468088583005,-0.71749104739986,-8.35490446161211,-26.4508515157906,0.246422094432073,-6.11676820035239,8.665090208109792,0.174078730152377,0.6161576472556868,85.01577407311532,Attacked,Missed,None,0.64544677734375,0.7043380737304688,7.043926,-0.637018,-0.188934653684219,-2.02307947841522,-10.6,-24.7305963387237,0.160309753144776,0.160309753144776,-999.9,-999.9,-999.9,-8.840557,-0.657108,0.633333,-13.02078537382074,-10.0601411835956,-0.6767929881911701,0.6820998624862527,-0.5453415225545657,-0.1623649481542775,-9.85297510600297e-03,-1.00000000000000e+00,KOTAMBI-STADIUM-VADODARA,2024-12-27,,R,R,R,West-Indies-Women,India-Women,Seam,1
1735,1,75,West Indies (Women),Chinelle Henry,Titas Sadhu,,8,3,0,0,0,0,0,0,1,0,0,0,0,0,0,0,0,,,0,7.3,1,1,0,568885,-14.5,34.0,0,0,,,Knuckleball,50.0,BACKFOOT DEFENCE,0,0,3,7,14,3,Outside Off stump,Good Length,0,0,0,0,0,0,0,0,64.5055658079289,-6.84908776049141,8.340804769753163,-0.7778340405932469,1.847691198244502,-0.204213421126354,0.252761796723082,-8.07926477653499,-26.547744746426,1.15172111986036,-6.39713039938719,8.635829318407096,0.2090834807239855,0.5804451477078055,76.15842408377227,Defended,Played,None,0.664901733398438,0.65570068359375,8.299097,-0.372756,-0.189626748188757,1.78101514505756,-10.6,-24.4488656179975,0.697602722975324,0.697602722975324,-8.642287,-0.09647,0.676535,-8.841036,-0.085981,0.681705,-13.54810925345374,-10.06000402062658,-0.01836489606499976,0.6962870251869893,0.3641240328343102,-0.8497211910780708,2.09316176329699e-03,-1.00000000000000e+00,KOTAMBI-STADIUM-VADODARA,2024-12-27,,R,R,R,West-Indies-Women,India-Women,Seam,1
1735,1,75,West Indies (Women),Chinelle Henry,Titas Sadhu,,8,4,0,0,0,0,0,0,1,0,0,0,0,0,0,0,0,,,0,7.4,1,1,0,568886,-35.0,42.0,0,0,,,Knuckleball,49.0,FORWARD DEFENCE,0,0,4,7,14,3,Outside Off stump,Good Length,0,0,0,0,0,0,0,0,65.33922811479813,-4.680476923247103,8.341017206105555,-0.7600858926659592,1.83439017702597,-0.204601475057719,-1.62962478932321,-8.24422535540583,-26.5981917575035,1.1759006931125,-5.93242352507766,9.240480627907393,0.2331327362598733,0.6667567233776974,86.70023488066728,Defended,Played,None,0.646316528320312,0.6305694580078125,6.414006,-0.101748,-0.189987083982168,0.0,-10.6,-24.3130385913391,0.537419332551578,0.537419332551578,-8.405252,0.005457,0.62118,-8.840611,0.01547,0.653639,-12.57337396990465,-10.05980090374974,0.04369988544839898,0.7253448907686377,-1.168188634531444,-1.265117549269951,-1.16667564770542e-01,-1.00000000000000e+00,KOTAMBI-STADIUM-VADODARA,2024-12-27,,R,R,R,West-Indies-Women,India-Women,Seam,1
1735,1,75,West Indies (Women),Chinelle Henry,Titas Sadhu,,8,5,1 (WD),1,0,0,0,0,0,1,1,0,0,0,0,0,0,,,0,7.5,1,1,1,568888,-35.0,42.0,1,0,,,Knuckleball,36.0,CUT SHOT,0,0,5,7,15,3,Outside Off stump,Good Length,0,0,0,0,0,0,0,0,64.52686195353866,-6.080067104731647,8.340924646107833,-0.8472800174976294,1.825325431102408,-0.207742760560548,-1.67991717240121,-8.10039481676284,-27.0065588728712,-0.209683646953309,-6.21010407355022,7.72433508789203,0.1897073973590851,0.5498891694391367,73.512635679962,None,None,None,0.663597106933594,0.69561767578125,7.659016,-0.804735,-0.19290399194908,0.0,-10.6,-25.1763773739815,-0.505132256403201,-0.505132256403201,-999.9,-999.9,-999.9,-8.840798,-0.937238,0.574635,-12.94993453710731,-10.0602132703808,-0.96310153637821,0.5932198001620222,-1.291994105514315,-0.7045678149494292,-1.16211184775473e-01,-1.00000000000000e+00,KOTAMBI-STADIUM-VADODARA,2024-12-27,,R,R,R,West-Indies-Women,India-Women,Seam,1
1735,1,75,West Indies (Women),Chinelle Henry,Titas Sadhu,,8,5,2,2,2,0,1,0,0,0,0,0,0,0,0,0,0,,,0,7.5,1,1,0,568890,-161.5,83.0,2,0,,,Knuckleball,36.0,CUT SHOT,0,0,6,7,17,3,Outside Off stump,Good Length,0,0,0,0,0,0,0,0,65.38739357379144,-6.395635525438088,8.340608931745606,-0.8556844811825857,1.856434547727451,-0.206366543386918,-2.11052783749907,-8.005637538746,-26.8276506402993,0.557438638730856,-6.29523527944114,8.860636137720677,0.2433085659047418,0.6030774346580475,76.13075860823295,Attacked,Played,None,0.652473449707031,0.6560554504394531,7.793552,-0.491376,-0.191626076002138,0.0,-10.6,-24.3534873701181,1.09366803497038,1.09366803497038,-8.812909,-0.189545,0.686097,-8.840662,-0.188231,0.687136,-13.20580287931011,-10.06020992521468,-0.1301812163120788,0.717765853693096,-1.49233060184856,1.380965357828625,-1.32534225871658e-01,-1.00000000000000e+00,KOTAMBI-STADIUM-VADODARA,2024-12-27,,R,R,R,West-Indies-Women,India-Women,Seam,1
1735,1,75,West Indies (Women),Chinelle Henry,Titas Sadhu,,8,6,0,0,0,0,0,0,1,0,0,0,0,0,0,0,0,,,0,7.6,1,1,0,568892,-161.5,83.0,0,0,,,Knuckleball,97.0,BACKFOOT PUSH,0,0,7,7,17,3,Outside Off stump,Good Length,0,0,0,0,0,0,0,0,65.47291725701359,-4.731189334560162,8.340565046514584,-0.7540456329241473,1.831560290192684,-0.205157637594994,-1.43600761762976,-8.09043643471066,-26.6704928873492,0.698710558792881,-5.90220873670225,7.98213802189093,0.1770293467965022,0.5941345053681,81.41724112556477,Defended,Missed,None,0.6317138671875,0.6924476623535156,6.369051,-0.318936,-0.190503520623923,0.0,-10.6,-25.0080753637834,0.543917606166847,0.543917606166847,-999.9,-999.9,-999.9,-8.841063,-0.204666,0.540864,-12.478503704174,-10.0598374818092,-0.176941671653383,0.5923270851014608,-1.089667161476163,-0.2547167414429367,-1.09142073249622e-01,-1.00000000000000e+00,KOTAMBI-STADIUM-VADODARA,2024-12-27,,R,R,R,West-Indies-Women,India-Women,Seam,1
1735,1,75,West Indies (Women),Shemaine Campbelle,Renuka Singh,,9,1,0,0,0,0,0,0,1,0,0,0,0,0,0,0,0,,,0,8.1,1,1,0,568894,-161.5,83.0,0,0,,,Knuckleball,27.0,FORWARD PUSH,0,0,1,8,17,3,Outside Off stump,Good Length,1,0,0,0,0,0,0,0,62.18181129715194,-3.838940320218957,8.340745265012515,-1.123523846218584,1.827747965879171,-0.194628762832821,2.59193618537809,-8.38029471298696,-25.3017391682667,2.2175218176456,-5.78479709384231,7.952881525907179,0.2615585949439274,0.5528798388953525,66.77611633991015,Defended,Missed,None,0.698993682861328,0.6282806396484375,5.993672,-0.369216,-0.180726708344762,0.0,-10.6,-22.8936626473519,2.67250322249922,2.67250322249922,-7.675223,0.058188,0.413483,-8.841027,0.198937,0.477943,-12.87832091874973,-10.06020153015081,0.3475769320834071,0.5140977833640501,2.935082406744578,1.649537187493495,3.06687586582147e-01,-1.00000000000000e+00,KOTAMBI-STADIUM-VADODARA,2024-12-27,,R,R,R,West-Indies-Women,India-Women,Seam,1
1735,1,75,West Indies (Women),Shemaine Campbelle,Renuka Singh,,9,2,0,0,0,0,0,0,1,0,0,0,0,0,0,0,0,,,0,8.2,1,1,0,568896,-161.5,83.0,0,0,,,Knuckleball,40.0,FRONTFOOT FLICK,0,0,2,8,17,3,Outside Off stump,Good Length,0,0,0,0,0,0,0,0,61.55280359200397,-3.202497755725013,8.340710582409795,-1.068413372498599,1.827884922227309,-0.19213250126648,2.42509791369195,-8.54266775467931,-24.9772251646424,2.08533187141253,-5.74735931997722,9.071792265373983,0.2905032665271057,0.6169836560469417,73.4972217543307,Defended,Missed,None,0.700103759765625,0.6298370361328125,5.486634,-0.33511,-0.178408751176017,0.0,-10.6,-22.208591886153,2.63502062431164,2.63502062431164,-7.576904,0.025626,0.418799,-8.840913,0.180112,0.523401,-12.95842354831439,-10.06018901208428,0.3306777191441846,0.5902879470485334,2.916244191897947,1.993918656081689,3.14902480045917e-01,-1.00000000000000e+00,KOTAMBI-STADIUM-VADODARA,2024-12-27,,R,R,R,West-Indies-Women,India-Women,Seam,1
1735,1,75,West Indies (Women),Shemaine Campbelle,Renuka Singh,,9,3,0,0,0,0,0,0,1,0,0,0,0,0,0,0,0,,,0,8.3,1,1,0,568898,-36.0,20.5,0,0,,,Knuckleball,49.0,FORWARD DEFENCE,0,0,3,8,17,3,Outside Off stump,Good Length,0,0,0,0,0,0,0,0,61.59092415824021,-3.825586873980914,8.34096643403105,-1.037078807659813,1.822776173821558,-0.192878237284534,1.62866792705405,-8.33604676830594,-25.0741708469894,1.65252860266557,-5.75998254690242,8.820295593126271,0.1963155964478346,0.625605602430008,84.20928071971773,Defended,Played,None,0.697757720947266,0.619354248046875,6.045614,-0.439637,-0.179101220335638,0.0,-10.6,-23.2226341784953,1.77504556214997,1.77504556214997,-7.42049,-0.175807,0.453482,-8.840908,-0.063675,0.560441,-12.93740528433831,-10.06001843866165,0.03358708657715437,0.6189588203473332,1.922713328117187,0.6003013240237614,1.98679606695746e-01,-1.00000000000000e+00,KOTAMBI-STADIUM-VADODARA,2024-12-27,,R,R,R,West-Indies-Women,India-Women,Seam,1
1735,1,75,West Indies (Women),Shemaine Campbelle,Renuka Singh,,9,4,1,1,1,1,0,0,0,0,0,0,0,0,0,0,0,,,0,8.4,1,1,0,568899,106.5,-87.5,1,0,,,Knuckleball,106.0,BACKFOOT PULL SHOT,0,0,4,8,18,3,Outside Off stump,Good Length,0,0,0,0,0,0,0,0,60.78115331507345,-6.348884394964509,8.34071007046569,-1.262380929251814,1.830013347443383,-0.19243268188132,1.89986155273935,-7.89810194604538,-25.0162486445716,1.89195105502763,-6.10386799542557,8.989765036648059,0.1751248724172532,0.6024508198292884,82.85513573266795,Attacked,Played,None,0.696830749511719,0.6541213989257812,8.194943,-0.665854,-0.178687490318369,0.0,-10.6,-23.2443068913482,2.46616030148538,2.46616030148538,-7.800912,-0.021254,0.640963,-8.840959,0.094855,0.671902,-13.71202788362977,-10.06012463690505,0.2322165545279462,0.678162892118986,1.89320870818264,1.731293331042352,1.67989565811189e-01,-1.00000000000000e+00,KOTAMBI-STADIUM-VADODARA,2024-12-27,,R,R,R,West-Indies-Women,India-Women,Seam,1
1735,1,75,West Indies (Women),Chinelle Henry,Renuka Singh,,9,5,0,0,0,0,0,0,1,0,0,0,0,0,0,0,0,,,0,8.5,1,1,0,568901,106.5,-87.5,0,0,,,Knuckleball,84.0,FRONTFOOT OFF DRIVE,0,0,5,8,18,3,Outside Off stump,Good Length,0,0,0,0,0,0,0,0,60.50411793180705,-3.158351147946493,8.340657486873177,-1.089086719120838,1.835057788157956,-0.189103654696951,1.37611651737437,-8.56685060214386,-24.5834751106036,1.14621867999592,-5.74087922537746,8.018005279620537,0.2487940024302341,0.548052586934431,67.32848779714125,Attacked,Missed,None,0.714797973632812,0.7530784606933594,5.611537,-0.68974,-0.175596250790026,0.0,-10.6,-22.3361813925511,1.67775927642635,1.67775927642635,-999.9,-999.9,-999.9,-8.841023,-0.353966,0.458462,-13.14448781023084,-10.0599996376454,-0.2586550369912027,0.4995807740099669,1.686357486936321,1.626131425661668,1.83802782148345e-01,-1.00000000000000e+00,KOTAMBI-STADIUM-VADODARA,2024-12-27,,R,R,R,West-Indies-Women,India-Women,Seam,1
1735,1,75,West Indies (Women),Chinelle Henry,Renuka Singh,,9,6,0,0,0,0,0,0,1,0,0,0,0,0,0,0,0,,,0,8.6,1,1,0,568903,106.5,-87.5,0,0,,,Knuckleball,40.0,FRONTFOOT FLICK,0,0,6,8,18,3,Outside Off stump,Good Length,0,0,0,0,0,0,0,0,60.9203072488942,-4.895547421582719,8.340626606567323,-1.101601816711596,1.817815102313825,-0.19211208438877,3.28654698385885,-7.74528029935999,-24.9745709705401,2.37696749900466,-5.73778397963559,9.080541075481355,0.2589435175525073,0.6271636756038705,78.18019958532985,Defended,Missed,None,0.717899322509766,0.6818618774414062,6.927179,-0.37364,-0.178389792646715,0.0,-10.6,-22.5153336813047,2.64234110393216,2.64234110393216,-8.457197,0.264777,0.6024,-8.840605,0.31183,0.619193,-12.93888993050585,-10.06003975037977,0.4624813058726941,0.6503530750548575,3.476873816450638,1.256688503777795,3.30659688788877e-01,-1.00000000000000e+00,KOTAMBI-STADIUM-VADODARA,2024-12-27,,R,R,R,West-Indies-Women,India-Women,Seam,1
1735,1,75,West Indies (Women),Shemaine Campbelle,Tanuja Kanwar,,10,1,0,0,0,0,0,0,1,0,0,0,0,0,0,0,0,,,0,9.1,1,1,0,568907,-28.0,42.5,0,0,,,Knuckleball,50.0,BACKFOOT DEFENCE,0,0,1,9,18,3,Outside Off stump,Good Length,1,0,0,0,0,0,0,0,46.93607829794911,1.789811458992927,8.34077158201979,-1.079149826808464,1.773270324512683,-0.145739914036564,0.837147096124025,-9.12266949121757,-18.9461888247534,1.2637823147606,-5.66901361562427,12.64619684273635,0.2411440341439692,0.6603866322945549,84.94359142978631,Defended,Played,None,0.873550415039062,0.9054679870605469,4.580586,-0.40422,-0.13532992017681,0.0,-10.6,-16.6853290638026,1.05202923045938,1.05202923045938,-8.970516,-0.180926,0.591208,-8.840752,-0.189341,0.578918,-16.65805435934075,-10.06004160408951,-0.1099044504276718,0.6679029739254676,1.94859883973382,-0.2084024260166656,2.24805755140136e-01,-1.00000000000000e+00,KOTAMBI-STADIUM-VADODARA,2024-12-27,,R,R,L,West-Indies-Women,India-Women,Spin,1
1735,1,75,West Indies (Women),Shemaine Campbelle,Tanuja Kanwar,,10,2,0,0,0,0,0,0,1,0,0,0,0,0,0,0,0,,,0,9.2,1,1,0,568908,34.5,54.5,0,0,,,Knuckleball,50.0,BACKFOOT DEFENCE,0,0,2,9,18,3,Outside Off stump,Good Length,0,0,0,0,0,0,0,0,47.55115103315446,0.1070513731726475,8.340600385880535,-1.002593454741248,1.724850630752872,-0.149914335386806,1.22258011178667,-9.43658891563163,-19.4888636002848,1.33968342133434,-5.6482128219073,12.26333153865248,0.2852165454327278,0.6478201618480114,78.65136973392893,Defended,Played,None,0.923309326171875,0.8780593872070312,6.10623,-0.417175,-0.139206168573463,0.0,-10.6,-16.8335614626191,1.25496549990767,1.25496549990767,-8.500241,-0.071693,0.640219,-8.840881,-0.045267,0.653471,-16.16251078242137,-10.06004738338875,0.04995240514343091,0.662241912833995,2.313873846759877,0.3312116855733803,2.37892607486853e-01,-1.00000000000000e+00,KOTAMBI-STADIUM-VADODARA,2024-12-27,,R,R,L,West-Indies-Women,India-Women,Spin,1
1735,1,75,West Indies (Women),Shemaine Campbelle,Tanuja Kanwar,,10,3,0,0,0,0,0,0,1,0,0,0,0,0,0,0,0,,,0,9.3,1,1,0,568910,-74.5,49.5,0,0,,,Knuckleball,97.0,BACKFOOT PUSH,0,0,3,9,18,3,Outside Off stump,Good Length,0,0,0,0,0,0,0,0,46.94899872559255,0.9997577976841716,8.340952154753456,-0.9992193259163767,1.738245099380624,-0.146722329670445,1.15273754487976,-9.20306673317619,-19.0739028571579,1.09677416436817,-5.61246046351472,12.85238149085556,0.3440627555570279,0.6471188690719362,72.66155480508763,Attacked,Played,None,0.887557983398438,0.933746337890625,5.400196,-0.52996,-0.136242163265413,0.0,-10.6,-15.9186186029114,0.442212918611116,0.442212918611116,-9.096103,-0.404321,0.63822,-8.840638,-0.411689,0.626413,-16.39642157728491,-10.06006628750621,-0.3763653726862425,0.6562539041873187,2.340950629827448,-1.699712970730875,2.53523607784316e-01,-1.00000000000000e+00,KOTAMBI-STADIUM-VADODARA,2024-12-27,,R,R,L,West-Indies-Women,India-Women,Spin,1
1735,1,75,West Indies (Women),Shemaine Campbelle,Tanuja Kanwar,,10,4,1,1,1,1,0,0,0,0,0,0,0,0,0,0,0,,,0,9.4,1,1,0,568911,72.0,124.5,1,0,,,Knuckleball,94.0,STEP DOWN LOFTED ON DRIVE,0,0,4,9,19,3,Outside Off stump,Good Length,0,0,0,0,0,0,0,0,47.86069789769077,1.861116444663061,8.340572064785864,-0.9643591414545968,1.768488623227885,-0.148360667123464,1.07039082811887,-9.27760228294206,-19.2868867260503,1.58862023896047,-5.7102373037559,14.93461643792114,0.5823275717239811,0.6475373507777732,48.89784544426787,Attacked,Played,None,0.938907623291016,0.7795028686523438,4.380729,-0.122744,-0.137763476614645,0.0,-10.6,-13.8628605361179,0.549917604860602,0.549917604860602,-6.908009,-0.073702,0.324783,-8.840802,0.004681,0.609404,-16.49235589564489,-10.06011320138961,0.05493330210424922,0.67858651999228,2.431397463237206,-2.437061890987849,2.80891957031797e-01,-1.00000000000000e+00,KOTAMBI-STADIUM-VADODARA,2024-12-27,,R,R,L,West-Indies-Women,India-Women,Spin,1
1735,1,75,West Indies (Women),Chinelle Henry,Tanuja Kanwar,,10,5,0,0,0,0,0,0,1,0,0,0,0,0,0,0,0,,,0,9.5,1,1,0,568912,-30.0,47.0,0,0,,,Knuckleball,50.0,BACKFOOT DEFENCE,0,0,5,9,19,3,Outside Off stump,Good Length,0,0,0,0,0,0,0,0,47.49125293834704,0.7054061487693456,8.340659389985447,-1.014800286235816,1.723536989559262,-0.149016064699747,1.13379233561538,-9.27362139377293,-19.3720884109671,1.50719688965833,-5.6021866135876,12.10374357281295,0.2785190254130132,0.6433483158991473,78.65034484357079,Defended,Played,None,0.91864013671875,0.8940925598144531,5.554779,-0.288399,-0.138372060078336,0.0,-10.6,-16.806534203754,1.42087577986813,1.42087577986813,-8.825332,0.08349,0.615357,-8.840913,0.084856,0.616149,-16.12926500434666,-10.06010681032932,0.1923061967063268,0.6478205471912933,2.322726270540247,0.3836760622224587,2.47352582717196e-01,-1.00000000000000e+00,KOTAMBI-STADIUM-VADODARA,2024-12-27,,R,R,L,West-Indies-Women,India-Women,Spin,1
1735,1,75,West Indies (Women),Chinelle Henry,Tanuja Kanwar,,10,6,0,0,0,0,0,0,1,0,0,0,0,0,0,0,0,,,0,9.6,1,1,0,568914,-93.0,70.0,0,0,,,Knuckleball,36.0,CUT SHOT,0,0,6,9,19,3,Outside Off stump,Good Length,0,0,0,0,0,0,0,0,47.88218027830652,-0.04860061344287736,8.340970928701243,-1.04606392566794,1.692176913629033,-0.150304871559548,1.34397500829025,-8.95981190467772,-19.5396333027412,0.966223989936382,-5.45094677288166,9.801031371272856,0.2425700511086198,0.5539913896152989,68.84170333143285,Defended,Played,None,0.867851257324219,0.8875579833984375,5.99642,-0.707257,-0.139568809305295,0.0,-10.6,-17.4807714145291,0.98967568829419,0.98967568829419,-8.88408,-0.428953,0.464151,-8.840985,-0.43149,0.464017,-15.58744028640532,-10.06011097978051,-0.3593667169550377,0.4406901232563624,2.425927153462419,0.4094089392710654,2.52170169326154e-01,-1.00000000000000e+00,KOTAMBI-STADIUM-VADODARA,2024-12-27,,R,R,L,West-Indies-Women,India-Women,Spin,1
1735,1,75,West Indies (Women),Shemaine Campbelle,Titas Sadhu,,11,1,0,0,0,0,0,0,1,0,0,0,0,0,0,0,0,,,0,10.1,1,1,0,568917,-93.0,70.0,0,0,,,Knuckleball,36.0,CUT SHOT,0,0,1,10,19,3,Outside Off stump,Good Length,1,0,0,0,0,0,0,0,63.91249842179054,-5.717870850928419,8.341097625440078,-0.7951522791073377,1.822375464841691,-0.201869496496126,-0.328929195549149,-8.25072966410101,-26.2430345444964,0.224184590207329,-6.11248238264679,9.523357446693428,0.1853513765014013,0.668359786047876,91.71883025704129,Attacked,Missed,None,0.660369873046875,0.716766357421875,7.585913,-0.680631,-0.187450246746403,0.0,-10.6,-24.3520241917862,0.295100230988699,0.295100230988699,-999.9,-999.9,-999.9,-8.840869,-0.601523,0.763421,-13.1114671361412,-10.06004154476661,-0.5859104172599783,0.8143897654960301,-0.224838388584477,0.204837062353672,-1.75956024052288e-02,-1.00000000000000e+00,KOTAMBI-STADIUM-VADODARA,2024-12-27,,R,R,R,West-Indies-Women,India-Women,Seam,1
1735,1,75,West Indies (Women),Shemaine Campbelle,Titas Sadhu,,11,2,1 (WD),1,0,0,0,0,0,1,1,0,0,0,0,0,0,,,0,10.2,1,1,1,568918,-93.0,70.0,1,0,,,Knuckleball,36.0,CUT SHOT,0,0,2,10,20,3,Outside Off stump,Short Length,0,0,0,0,0,0,0,0,64.06119274935831,-11.3955522400351,8.340597013432753,-0.7950507472396104,1.784381652024322,-0.204613535886088,0.687845045167518,-7.60466085586818,-26.5997596651914,0.100461367145151,-7.66087710224217,9.241639727143436,0.165647585070713,0.5238806095714837,72.01733292865126,Attacked,Missed,None,0.688705444335938,0.7382926940917969,11.203166,-0.792447,-0.189998283322796,-1.05782942089364,-9.35570671890755,-24.6657927049211,-0.130146634200146,-0.130146634200146,-999.9,-999.9,-999.9,-8.840559,-0.941082,0.89109,-16.06669156537205,-10.0600302750262,-0.9736053685588315,0.8814657623980162,0.3810756451066566,-0.5187051190808702,8.44137666829664e-02,-1.00000000000000e+00,KOTAMBI-STADIUM-VADODARA,2024-12-27,,R,R,R,West-Indies-Women,India-Women,Seam,1
1735,1,75,West Indies (Women),Shemaine Campbelle,Titas Sadhu,,11,2,0,0,0,0,0,0,1,0,0,0,0,0,0,0,0,,,0,10.2,1,1,0,568920,-100.5,2.0,0,0,,,Knuckleball,97.0,BACKFOOT PUSH,0,0,3,10,20,3,Outside Off stump,Good Length,0,0,0,0,0,0,0,0,62.29685569803506,-7.339417656243268,8.340667558483073,-0.763532871240423,1.850234957335384,-0.197896870281756,0.0387367482229632,-8.37795477567002,-25.7265931366283,0.458029657537642,-6.55847017672429,9.589947573080952,0.168650889940987,0.6164654953828017,85.60473531332156,Defended,Played,None,0.682846069335938,0.6493606567382812,8.849636,-0.601931,-0.183761379547345,0.0,-10.6,-23.9296003413526,0.792231359442913,0.792231359442913,-7.993552,-0.371301,0.766134,-8.841038,-0.3416,0.794573,-14.30176459766034,-10.06002845696446,-0.2985166040732187,0.8093454146545199,0.09857802447608396,0.8762130409850566,8.15576679398139e-03,-1.00000000000000e+00,KOTAMBI-STADIUM-VADODARA,2024-12-27,,R,R,R,West-Indies-Women,India-Women,Seam,1
1735,1,75,West Indies (Women),Shemaine Campbelle,Titas Sadhu,,11,3,0,0,0,0,0,0,1,0,0,0,0,0,0,0,0,,,0,10.3,1,1,0,568923,-88.0,44.0,0,0,,,Knuckleball,97.0,BACKFOOT PUSH,0,0,4,10,20,3,Outside Off stump,Good Length,0,0,0,0,0,0,0,0,64.14091649867817,-7.2878590176212,8.340738557119671,-0.8125681199137694,1.838054739454315,-0.203304518259869,0.00505698583705138,-7.56335622802195,-26.4295873737829,0.55813549571112,-6.35839528590796,8.531199937661114,0.2176632929452759,0.5719491660515524,74.02604561320528,Defended,Played,None,0.67181396484375,0.6414413452148438,8.532978,-0.61204,-0.188782766955592,0.0,-10.6,-24.2432731411069,0.898548921579919,0.898548921579919,-8.175006,-0.359033,0.643403,-8.840875,-0.332935,0.65787,-13.5270794014687,-10.06022156974306,-0.2847689524839434,0.6610877145367992,0.08899365097843889,0.9128476502154035,7.47007412216308e-03,-1.00000000000000e+00,KOTAMBI-STADIUM-VADODARA,2024-12-27,,R,R,R,West-Indies-Women,India-Women,Seam,1
1735,1,75,West Indies (Women),Shemaine Campbelle,Titas Sadhu,,11,4,0,0,0,0,0,0,1,0,0,0,0,0,0,0,0,,,0,10.4,1,1,0,568924,-50.0,-51.0,0,0,,,Knuckleball,50.0,BACKFOOT DEFENCE,0,0,5,10,20,3,Outside Off stump,Good Length,0,0,0,0,0,0,0,0,64.32976092909875,-6.879669733036632,8.340753745440423,-0.8212657920017185,1.814228986628824,-0.203813412277186,0.00399500011656478,-8.01836135769604,-26.4957435960341,1.16081324564538,-6.34776170834665,9.141623769877432,0.1659224823590604,0.6285859789923482,87.6956486129462,Attacked,Edged,None,0.657028198242188,0.5998191833496094,8.435031,-0.400843,-0.189255311400244,0.0,-10.6,-24.7957538726751,0.708494063671083,0.708494063671083,-7.381525,-0.232637,0.688894,-8.840945,-0.188764,0.759817,-13.47279641882382,-10.06001713460202,-0.1517182861732236,0.7880531579389483,0.1813138606742171,-0.871920449806466,1.53919420427108e-02,-1.00000000000000e+00,KOTAMBI-STADIUM-VADODARA,2024-12-27,,R,R,R,West-Indies-Women,India-Women,Seam,1
1735,1,75,West Indies (Women),Shemaine Campbelle,Titas Sadhu,,11,5,4,4,4,0,0,0,0,0,0,0,0,0,1,0,0,,,0,10.5,1,1,0,568925,173.0,147.5,4,0,,,Knuckleball,40.0,FRONTFOOT FLICK,0,0,6,10,24,3,Off stump,Good Length,0,0,0,0,0,0,0,0,64.7414627934895,-3.938684602301416,8.340624773094792,-0.7497488316539258,1.844826885354437,-0.202172719554438,-0.0126176243520397,-8.41786055146647,-26.282453542077,1.23917362092525,-5.86141124583703,8.432731877031358,0.223781678103733,0.6115024131594786,79.3471941635485,Attacked,Played,None,0.660324096679688,0.5933990478515625,5.720066,-0.177936,-0.187731811014836,0.0,-10.6,-24.1770282822724,1.00434172754695,1.00434172754695,-7.516402,-0.044327,0.42148,-8.840858,0.012383,0.527345,-12.57214774123769,-10.05990170158857,0.06511650125533644,0.5954613871156734,0.2280806055520296,-0.3206356241531421,2.61996449004176e-02,-1.00000000000000e+00,KOTAMBI-STADIUM-VADODARA,2024-12-27,,R,R,R,West-Indies-Women,India-Women,Seam,1
1735,1,75,West Indies (Women),Shemaine Campbelle,Titas Sadhu,,11,6,1,1,1,1,0,0,0,0,0,0,0,0,0,0,0,,,0,10.6,1,1,0,568927,35.5,-106.0,1,0,,,Knuckleball,54.0,LEG GLANCE,0,0,7,10,25,3,Outside Off stump,Short of Good Length,0,0,0,0,0,0,0,0,63.42619503457509,-6.956049987863174,8.340534047163935,-0.7655769660122993,1.833931939534399,-0.201166827787788,0.958736008260032,-8.31171545771645,-26.1516876124124,1.1223286941371,-6.45146282410149,10.02710864851173,0.2283107778480132,0.649665768674927,84.61878751643772,Attacked,Played,None,0.689231872558594,0.6303520202636719,8.54622,-0.421171,-0.186797768660089,0.0,-10.6,-23.7044238796827,1.40292996233515,1.40292996233515,-7.69071,-0.046397,0.780356,-8.840839,0.025499,0.836114,-13.85782445075633,-10.05998636402112,0.1024678237723979,0.8649532059452312,0.8813225660342744,0.9296561078739386,7.32178251962818e-02,-1.00000000000000e+00,KOTAMBI-STADIUM-VADODARA,2024-12-27,,R,R,R,West-Indies-Women,India-Women,Seam,1
1735,1,75,West Indies (Women),Shemaine Campbelle,Tanuja Kanwar,,12,1,0,0,0,0,0,0,1,0,0,0,0,0,0,0,0,,,0,11.1,1,1,0,568930,-7.0,15.5,0,0,,,Knuckleball,50.0,BACKFOOT DEFENCE,0,0,1,11,25,3,Outside Off stump,Good Length,1,0,0,0,0,0,0,0,48.30319462973144,1.496108544657232,8.34065660458472,-0.9831888073077764,1.748054233289754,-0.150768676235291,1.10341948425822,-8.91662203772242,-19.5999279105878,1.24304271240577,-5.55592922293075,8.793305093750664,0.2119596217377546,0.4969886778415655,63.35233950245937,Defended,Played,None,0.879615783691406,0.8491744995117188,4.218404,-0.389719,-0.139999485075627,0.0,-10.6,-17.8502819107678,0.966032525304968,0.966032525304968,-8.707821,-0.232833,0.343832,-8.840742,-0.22547,0.351449,-15.82627352807397,-10.05991009980441,-0.1575679121060028,0.3926695484405806,2.350123529845634,-0.5311365556353009,2.76749226515566e-01,-1.00000000000000e+00,KOTAMBI-STADIUM-VADODARA,2024-12-27,,R,R,L,West-Indies-Women,India-Women,Spin,1
1735,1,75,West Indies (Women),Shemaine Campbelle,Tanuja Kanwar,,12,2,0,0,0,0,0,0,1,0,0,0,0,0,0,0,0,,,0,11.2,1,1,0,568931,-71.5,37.0,0,0,,,Knuckleball,36.0,CUT SHOT,0,0,2,11,25,3,Outside Off stump,Good Length,0,0,0,0,0,0,0,0,48.47632352854198,0.3164354232405621,8.340591973354872,-1.01791904619586,1.70446668675832,-0.151630545533801,0.991697085800178,-8.93725026450391,-19.7119709193942,0.729205242501634,-5.46118061419296,11.04018955230271,0.4464456658140205,0.5678608613719538,50.53456262439101,Attacked,Played,None,0.916728973388672,0.8925704956054688,5.489881,-0.755917,-0.140799792281387,0.0,-10.6,-15.8947103147681,0.507822163245805,0.507822163245805,-8.752388,-0.619759,0.487202,-8.840634,-0.61683,0.48852,-15.48533564938259,-10.06009698218859,-0.5761084644153499,0.4703142789758618,1.827890417191322,-0.2886497540179875,1.96389665210837e-01,-1.00000000000000e+00,KOTAMBI-STADIUM-VADODARA,2024-12-27,,R,R,L,West-Indies-Women,India-Women,Spin,1
1735,1,75,West Indies (Women),Shemaine Campbelle,Tanuja Kanwar,,12,3,1,1,1,1,0,0,0,0,0,0,0,0,0,0,0,,,0,11.3,1,1,0,568933,146.5,-44.0,1,0,,,Knuckleball,40.0,FRONTFOOT FLICK,0,0,3,11,26,3,Leg stump,Full Length,0,0,0,0,0,0,0,0,48.57350634747945,3.377464870539901,8.34074197957571,-0.9803096408951362,1.755148145593931,-0.151564705201407,1.70311078734559,-9.30769378970289,-19.7034116761829,1.99315500379356,-5.81041105875209,11.40737598163706,0.1032836056014586,0.6500000000000004,97.1716394398542,Defended,Edged,None,0.851829528808594,0.7673263549804688,2.429217,0.045784,-0.140738654829878,-0.246537673142349,-10.6,-18.7182410923738,1.89349725360389,1.89349725360389,-7.682948,0.051061,0.043614,-8.840601,0.168207,0.256006,-16.4304536752685,-10.06011517311806,0.2916871684054089,0.4368935383580568,3.987183120900952,1.272221872585407e-14,5.16120238947805e-01,-1.00000000000000e+00,KOTAMBI-STADIUM-VADODARA,2024-12-27,,R,R,L,West-Indies-Women,India-Women,Spin,1
1735,1,75,West Indies (Women),Chinelle Henry,Tanuja Kanwar,,12,4,6,6,6,0,0,0,0,0,0,0,0,0,0,1,0,,,0,11.4,1,1,0,568934,139.5,181.0,6,0,,,Knuckleball,11.0,LOFTED ON DRIVE,0,0,4,11,32,3,Outside Off stump,Good Length,0,0,0,0,0,0,0,0,45.03666671451932,2.043515294300152,8.340677557339664,-1.006458335459948,1.773087266543716,-0.140130676870652,1.08159697995752,-9.01341788398053,-18.2169879931848,1.39627181518128,-5.641000175576,11.62410305605923,0.3332074140585325,0.5579820092892184,60.3765599875295,Attacked,Played,None,0.97393798828125,0.8551483154296875,4.892779,-0.29059,-0.130121342808463,0.0,-10.6,-15.3011156584421,1.11930282451532,1.11930282451532,-7.435561,-0.123036,0.388865,-8.840948,-0.017563,0.48888,-17.20545429018363,-10.06000400091434,0.0749847945006677,0.4991108953126464,2.579324629808908,-0.1991300720801173,2.90363120993874e-01,8.10000000000000e+01,KOTAMBI-STADIUM-VADODARA,2024-12-27,,R,R,L,West-Indies-Women,India-Women,Spin,1
1735,1,75,West Indies (Women),Chinelle Henry,Tanuja Kanwar,,12,5,0,0,0,0,0,0,1,0,0,0,0,0,0,0,0,,,0,11.5,1,1,0,568936,139.5,181.0,0,0,,,Knuckleball,54.0,LEG GLANCE,0,0,5,11,32,3,Off stump,Good Length,0,0,0,0,0,0,0,0,45.58737463999502,3.068110608594556,8.340927574929623,-0.8460240743842187,1.784007740582307,-0.14101339619856,1.16990789545611,-9.44241028120377,-18.3317415058128,1.68849788139784,-5.847238804662,14.45732501502048,0.3333093717712728,0.6654078631025739,76.48024228825882,Defended,Missed,None,0.952640533447266,0.8946304321289062,4.210766,0.078743,-0.130941010755806,0.0,-10.6,-15.0909621389795,1.48203122277453,1.48203122277453,-8.238062,0.315807,0.523199,-8.84089,0.376424,0.604121,-17.69101839512557,-10.06003638767256,0.5000148844161716,0.7141743967198436,2.927793411981257,0.3462908821981011,3.47452390628124e-01,-1.00000000000000e+00,KOTAMBI-STADIUM-VADODARA,2024-12-27,,R,R,L,West-Indies-Women,India-Women,Spin,1
1735,1,75,West Indies (Women),Chinelle Henry,Tanuja Kanwar,,12,6,1,1,1,1,0,0,0,0,0,0,0,0,0,0,0,,,0,11.6,1,1,0,568938,128.0,-51.5,1,0,,,Knuckleball,,,0,0,6,11,33,3,,,0,0,0,0,0,0,0,0,47.64210863458623,2.78597967084736,8.340968776876348,-0.9198284679082882,1.764910331637427,-0.146764709537312,1.46068651805176,-9.12254668855501,-19.0794122398506,1.6263664268218,-5.70673056318272,12.04061191347331,0.3458330846863539,0.5957581846464831,64.78041922833708,Attacked,Edged,None,0.902183532714844,0.819671630859375,3.508274999999999,-0.1168,-0.136281515998933,0.0,-10.6,-15.9393864981339,1.38277845849688,1.38277845849688,-7.830554,-0.005248,0.278423,-8.840784,0.08375,0.420249,-16.65214008077215,-10.06003749392329,0.1922122377689499,0.5337291166765485,3.398954117750838,0.0859010834442389,3.81983165677233e-01,-1.00000000000000e+00,KOTAMBI-STADIUM-VADODARA,2024-12-27,,R,R,L,West-Indies-Women,India-Women,Spin,1
1735,1,75,West Indies (Women),Chinelle Henry,Renuka Singh,,13,1,0,0,0,0,0,0,1,0,0,0,0,0,0,0,0,,,0,12.1,1,1,0,568940,43.0,43.0,0,0,,,Knuckleball,50.0,BACKFOOT DEFENCE,0,0,1,12,33,3,Outside Off stump,Good Length,1,0,0,0,0,0,0,0,61.55804884345832,-4.639211679552831,8.34065305145213,-1.120521607399468,1.835194042841011,-0.193407581803937,2.11554606352729,-8.11691039833235,-25.1429856345119,2.05345951383131,-5.84020493829008,8.213067016345072,0.2676176382026262,0.560274765091133,67.27945094340734,Defended,Played,None,0.707794189453125,0.6591911315917969,6.701914,-0.415609,-0.179592754532228,0.0,-10.6,-22.6703106320661,2.31380435332965,2.31380435332965,-8.110105,0.078762,0.495974,-8.840941,0.156505,0.523836,-13.0767567880667,-10.05997299136673,0.2872342401355237,0.5437068753656775,2.347770048007368,1.158554881667262,2.30541404696357e-01,-1.00000000000000e+00,KOTAMBI-STADIUM-VADODARA,2024-12-27,,R,R,R,West-Indies-Women,India-Women,Seam,1
1735,1,75,West Indies (Women),Chinelle Henry,Renuka Singh,,13,2,0,0,0,0,0,0,1,0,0,0,0,0,0,0,0,,,0,12.2,1,1,0,568942,43.0,43.0,0,0,,,Knuckleball,36.0,CUT SHOT,0,0,2,12,33,3,Outside Off stump,Good Length,0,0,0,0,0,0,0,0,61.37005638912787,-4.550027175022773,8.341091697182684,-1.05388843258865,1.814434223347991,-0.193285199296067,-0.0777912348910959,-8.84789579883848,-25.1270759084887,0.967597771400415,-6.02088439152064,8.983868703989707,0.2225645494849091,0.6036484431221704,78.29081151983465,Attacked,Missed,None,0.709648132324219,0.7480545043945312,7.006907,-0.625944,-0.179479113632062,0.0,-10.6,-22.9892029140667,0.589254524469505,0.589254524469505,-999.9,-999.9,-999.9,-8.840968,-0.474134,0.617745,-13.47500357159974,-10.05996678407323,-0.441246097246228,0.6516682975083141,0.1067561487817496,-0.7369939835604906,1.04276101832206e-02,-1.00000000000000e+00,KOTAMBI-STADIUM-VADODARA,2024-12-27,,R,R,R,West-Indies-Women,India-Women,Seam,1
1735,1,75,West Indies (Women),Chinelle Henry,Renuka Singh,,13,3,0,0,0,0,0,0,1,0,0,0,0,0,0,0,0,,,0,12.3,1,1,0,568944,-5.0,42.0,0,0,,,Knuckleball,50.0,BACKFOOT DEFENCE,0,0,3,12,33,3,Outside Off stump,Good Length,0,0,0,0,0,0,0,0,60.39741850932986,-6.325818589092862,8.340604841988394,-1.120460771032134,1.818246373291401,-0.191202282718005,2.87010926127364,-7.82259078775946,-24.8562967533407,2.3575021918871,-6.06335212643098,7.661589742628295,0.2250905719396591,0.5061664275925482,63.41590694491631,Defended,Played,None,0.702392578125,0.678955078125,8.196468,-0.412895,-0.177544976809576,-1.61559319620689,-10.6,-22.8144743754695,2.11418639933286,2.11418639933286,-8.176674,0.121958,0.476981,-8.840953,0.172036,0.473868,-13.70879011330323,-10.05998484951822,0.2606385626727892,0.4417806868737684,2.805459442120306,-0.1236247755547578,2.47416881239203e-01,-1.00000000000000e+00,KOTAMBI-STADIUM-VADODARA,2024-12-27,,R,R,R,West-Indies-Women,India-Women,Seam,1
1735,1,75,West Indies (Women),Chinelle Henry,Renuka Singh,,13,4,0,0,0,0,0,0,1,0,0,0,0,0,0,0,0,,,0,12.4,1,1,0,568945,-95.5,-4.5,0,0,,,Knuckleball,97.0,BACKFOOT PUSH,0,0,4,12,33,3,Outside Off stump,Good Length,0,0,0,0,0,0,0,0,60.8826744715782,-3.775432525232381,8.3406052195948,-1.132778737608882,1.82661061398482,-0.19076810434052,0.954006450243449,-8.49297871215477,-24.7998535642676,1.49150171148231,-5.80069972960734,8.825392393726949,0.2426131613673364,0.603110303874572,76.20522944445216,Defended,Played,None,0.708755493164062,0.678680419921875,6.147919,-0.534906,-0.17714181117334,0.0,-10.6,-22.5326319430934,1.58863275995255,1.58863275995255,-8.481731,-0.2068,0.53094,-8.84093,-0.180492,0.551167,-13.16484026657265,-10.06005111662748,-0.09062645095823774,0.5983368060848255,1.244743519296801,0.5911765489371182,1.27749868421113e-01,-1.00000000000000e+00,KOTAMBI-STADIUM-VADODARA,2024-12-27,,R,R,R,West-Indies-Women,India-Women,Seam,1
1735,1,75,West Indies (Women),Chinelle Henry,Renuka Singh,,13,5,0,0,0,0,0,0,1,0,0,0,0,0,0,0,0,,,0,12.5,1,1,0,568948,35.5,30.0,0,0,,,Knuckleball,50.0,BACKFOOT DEFENCE,0,0,5,12,33,3,Outside Off stump,Good Length,0,0,0,0,0,0,0,0,59.36136017354349,-6.403314812041981,8.340546463851126,-1.148655598555296,1.817423356349232,-0.188070618988686,2.38087044541751,-7.72084207222082,-24.4491804685292,2.03714229372166,-6.0280908774822,9.773696770152457,0.2328760061920321,0.6326989816298405,81.61724662527287,Defended,Missed,None,0.727775573730469,0.7152099609375,8.30243,-0.526695,-0.174637003346637,0.0,-10.6,-22.1411106981554,2.11527180689609,2.11527180689609,-8.594809,0.14478,0.707069,-8.840988,0.169665,0.711619,-13.85037149776418,-10.06006494866351,0.2936553382449327,0.7124225656010689,2.393826969720297,0.6942752247958707,2.04036180681571e-01,-1.00000000000000e+00,KOTAMBI-STADIUM-VADODARA,2024-12-27,,R,R,R,West-Indies-Women,India-Women,Seam,1
1735,1,75,West Indies (Women),Chinelle Henry,Renuka Singh,,13,6,4,4,4,0,0,0,0,0,0,0,0,0,1,0,0,,,0,12.6,1,1,0,568949,-186.0,-51.5,4,0,,,Knuckleball,36.0,CUT SHOT,0,0,6,12,37,3,Outside Off stump,Good Length,0,0,0,0,0,0,0,0,61.82575032643162,-4.637573995517452,8.340553237698469,-1.109273178777527,1.824076006108625,-0.194708637482607,0.466765076282699,-8.77607756390653,-25.3121228727389,0.984127831499799,-6.02976694302614,8.880516023756254,0.2341285158437863,0.5974147296963519,76.19935787007415,Attacked,Played,None,0.702529907226562,0.695709228515625,6.97757,-0.727256,-0.180800877662421,0.0,-10.6,-23.0549157528136,0.988841497861277,0.988841497861277,-9.007515,-0.467031,0.617838,-8.840853,-0.474523,0.611376,-13.39907611379519,-10.06008461197616,-0.4194797819741024,0.6446656734506121,0.5993442976665144,0.2294294097190339,5.74865136729088e-02,-1.00000000000000e+00,KOTAMBI-STADIUM-VADODARA,2024-12-27,,R,R,R,West-Indies-Women,India-Women,Seam,1
1735,1,75,West Indies (Women),Shemaine Campbelle,Tanuja Kanwar,,14,1,4,4,4,0,0,0,0,0,0,0,0,0,1,0,0,,,0,13.1,1,1,0,568952,137.5,186.5,4,0,,,Knuckleball,74.0,STEP DOWN ON DRIVE,0,0,1,13,41,3,Off stump,Full Toss,1,0,0,0,0,0,0,0,46.43820557842309,5.123397747436982,8.340566914148681,-0.9856383291328413,1.802492473388897,-0.142019962281489,1.0759166617217,-9.39583420260536,-18.4625950965936,1.70885510544455,-6.07409506822942,12.68592437929557,0.09250167170165616,0.6499999999999995,98.24983282983432,Attacked,Played,None,0.915504455566406,0.784698486328125,1.822641000000001,0.074318,-0.131875679261383,-0.203131099524071,-10.6,-17.5394653417639,1.62341235017232,1.62341235017232,-7.117173,-0.026956,0.374331,-8.840965,0.130193,0.154397,-18.21092911608208,-10.06016591528957,0.2430873754559816,0.3796377660877846,3.088436304301728,0.0,3.62863014872499e-01,-1.00000000000000e+00,KOTAMBI-STADIUM-VADODARA,2024-12-27,,R,R,L,West-Indies-Women,India-Women,Spin,1
1735,1,75,West Indies (Women),Shemaine Campbelle,Tanuja Kanwar,,14,2,0,0,0,0,0,0,1,0,0,0,0,0,0,0,0,,,0,13.2,1,1,0,568954,137.5,186.5,0,0,,,Knuckleball,49.0,FORWARD DEFENCE,0,0,2,13,41,3,Outside Off stump,Good Length,0,0,0,0,0,0,0,0,45.8478372837732,0.8235890608412928,8.34066638858149,-0.9305421868132817,1.751447096857498,-0.144860692958586,1.26085256062246,-9.02430412933797,-18.8318900846161,1.44213248027664,-5.57278755931269,10.61489874406537,0.250388434730598,0.5597072316245592,68.91724127062407,Defended,Missed,None,0.952354431152344,0.8558921813964844,5.554912,-0.259204,-0.134513500604401,0.0,-10.6,-16.6429850765834,1.50253987867293,1.50253987867293,-7.876741,0.049415,0.45273,-8.840729,0.139243,0.490098,-16.48469207301104,-10.05997017750577,0.2539008638649556,0.4827541382315437,2.65751694916325,0.7795939865203895,2.85128268560007e-01,-1.00000000000000e+00,KOTAMBI-STADIUM-VADODARA,2024-12-27,,R,R,L,West-Indies-Women,India-Women,Spin,1
1735,1,75,West Indies (Women),Shemaine Campbelle,Tanuja Kanwar,,14,3,1,1,1,1,0,0,0,0,0,0,0,0,0,0,0,,,0,13.3,1,1,0,568955,131.0,87.0,1,0,,,Knuckleball,74.0,STEP DOWN ON DRIVE,0,0,3,13,42,3,Outside Off stump,Good Length,0,0,0,0,0,0,0,0,46.44308547502944,2.150925433544775,8.340922314433207,-0.946104053260644,1.716138977199773,-0.145658188048991,1.46859187559904,-9.05301914393718,-18.9355644463688,1.45455445960746,-5.56958968342364,10.3864768819769,0.3664252063141771,0.5215018091529241,51.58275074152091,Attacked,Played,None,0.934261322021484,0.80218505859375,4.399789,-0.28677,-0.135254031759777,0.0,-10.6,-15.8467185639491,1.11945510144913,1.11945510144913,-7.233386,-0.174884,0.274514,-8.840937,-0.058969,0.408742,-16.39039257881982,-10.06001640583742,0.0300304816961216,0.4346730318993541,3.236592220160665,-0.3517906101684699,3.76594812256729e-01,-1.00000000000000e+00,KOTAMBI-STADIUM-VADODARA,2024-12-27,,R,R,L,West-Indies-Women,India-Women,Spin,1
1735,1,75,West Indies (Women),Chinelle Henry,Tanuja Kanwar,,14,4,1,1,1,1,0,0,0,0,0,0,0,0,0,0,0,,,0,13.4,1,1,0,568956,49.0,200.0,1,0,,,Knuckleball,11.0,LOFTED ON DRIVE,0,0,4,13,43,3,Outside Off stump,Good Length,0,0,0,0,0,0,0,0,43.44308547502936,3.128776552180344,8.340987933784533,-0.9599511935432525,1.787934323596113,-0.13611644124841,1.18434228540976,-9.19441359206301,-17.6951373622933,1.04957917239372,-5.77393284484465,11.48020580687685,0.2417305303366859,0.546655134743335,67.82521717783166,Attacked,Played,None,0.985153198242188,0.8844337463378906,4.538259,-0.506785,-0.126393838302095,0.0,-10.6,-15.5414367797819,0.900714773528897,0.900714773528897,-7.678915,-0.380655,0.37534,-8.840713,-0.311788,0.472195,-18.07153240494972,-10.0600452804527,-0.2387877361007094,0.5072066521675956,2.903085993237446,-0.07759007306914208,3.34080582312325e-01,-1.00000000000000e+00,KOTAMBI-STADIUM-VADODARA,2024-12-27,,R,R,L,West-Indies-Women,India-Women,Spin,1
1735,1,75,West Indies (Women),Shemaine Campbelle,Tanuja Kanwar,,14,5,0,0,0,0,0,0,1,0,0,0,0,0,0,0,0,,,0,13.5,1,1,0,568957,49.0,200.0,0,0,,,Knuckleball,74.0,STEP DOWN ON DRIVE,0,0,5,13,43,3,Outside Off stump,Good Length,0,0,0,0,0,0,0,0,45.92850176242641,1.38203260572288,8.34092890475737,-0.9443650382719262,1.713592946712414,-0.145460829724069,1.16511362580629,-8.91830527842538,-18.909907864129,1.88017124065722,-5.48863100373682,12.70703436618708,0.2255810906213582,0.6917383322636735,91.20264077741521,Attacked,Missed,None,0.938896179199219,0.7951240539550781,5.054975,0.055862,-0.135070770458064,0.0,-10.6,-16.8376317951569,1.54705091270129,1.54705091270129,-7.063636,0.246587,0.42635,-8.840922,0.413843,0.633591,-16.185455407613,-10.05989007857437,0.5299848969199233,0.7046111591608615,2.665434453600616,-0.428504896172157,2.96476026380135e-01,-1.00000000000000e+00,KOTAMBI-STADIUM-VADODARA,2024-12-27,,R,R,L,West-Indies-Women,India-Women,Spin,1
1735,1,75,West Indies (Women),Shemaine Campbelle,Tanuja Kanwar,,14,6,0,0,0,0,0,0,1,0,0,0,0,0,0,0,0,,,0,13.6,1,1,0,568959,-22.5,22.0,0,0,,,Knuckleball,49.0,FORWARD DEFENCE,0,0,6,13,43,3,Outside Off stump,Good Length,0,0,0,0,0,0,0,0,46.5365605474251,1.406990523248512,8.340782093502106,-0.957894587175752,1.724431838284373,-0.144924896413141,1.09387714942195,-8.8003001126988,-18.8402365337083,1.29789666319166,-5.46760308905964,11.09308106902111,0.2264479863821309,0.6052190419331213,78.1380576517551,Defended,Played,None,0.85858154296875,0.8481788635253906,4.951018,-0.328606,-0.134573118097917,0.0,-10.6,-16.8773987238939,0.822389557731518,0.822389557731518,-7.926736,-0.189739,0.448391,-8.840913,-0.143999,0.516491,-16.18319552142637,-10.05998030105868,-0.08246633453270785,0.5563781473237623,2.412180289231427,-1.151197563431972,2.70209743700284e-01,-1.00000000000000e+00,KOTAMBI-STADIUM-VADODARA,2024-12-27,,R,R,L,West-Indies-Women,India-Women,Spin,1
1735,1,75,West Indies (Women),Chinelle Henry,Priya Mishra,,15,1,0,0,0,0,0,0,1,0,0,0,0,0,0,0,0,,,0,14.1,1,1,0,568967,52.0,17.5,0,0,,,Knuckleball,97.0,BACKFOOT PUSH,0,0,1,14,43,3,Outside Off stump,Good Length,1,0,0,0,0,0,0,0,43.79679467263909,2.764797744181058,8.340622962526503,-0.53896190228541,1.740607096605087,-0.136896448765451,0.373627236074633,-9.96219027794466,-17.7965383395087,0.663644848851839,-5.89928511802975,12.30468008591373,0.2325854334964128,0.5776808172261007,73.39357923427382,Defended,Played,None,0.9869384765625,0.9766731262207031,5.58212,-0.171231,-0.12711813099649,0.0,-10.6,-15.6239267886492,0.796011571259763,0.796011571259763,-8.922245,0.059397,0.581139,-8.840702,0.055088,0.579161,-18.33958336092258,-10.05985383413444,0.1198210695645612,0.5761637057603446,0.9431026211171923,0.7809888231603909,1.00840913225855e-01,-1.00000000000000e+00,KOTAMBI-STADIUM-VADODARA,2024-12-27,,R,R,R,West-Indies-Women,India-Women,Spin,1
1735,1,75,West Indies (Women),Chinelle Henry,Priya Mishra,,15,2,0,0,0,0,0,0,1,0,0,0,0,0,0,0,0,,,0,14.2,1,1,0,568968,-105.5,-7.5,0,0,,,Knuckleball,36.0,CUT SHOT,0,0,2,14,43,3,Outside Off stump,Good Length,0,0,0,0,0,0,0,0,44.35912889532629,3.008545243814911,8.340698746803653,-0.6487122178292424,1.776063025939132,-0.138948963331715,-0.23188052787858,-11.1493503542534,-18.063365233123,0.367253596522866,-6.31767548211359,17.33070125971567,0.5373148067074565,0.6191017080961323,49.1337755436742,Defended,Edged,None,1.06610870361328,1.074588775634766,5.915761,-0.355838,-0.0903168261656151,0.0,-10.6,-12.5340270620454,-0.962482104425199,-0.962482104425199,-9.245009,-0.754903,0.745267,-8.84067,-0.722718,0.755515,-19.2773226027431,-10.0600563134589,-0.8200774133526189,0.6882111205670183,-0.340621125600912,-5.555842107292787,-3.45679585036395e-02,-1.00000000000000e+00,KOTAMBI-STADIUM-VADODARA,2024-12-27,,R,R,R,West-Indies-Women,India-Women,Spin,1
1735,1,75,West Indies (Women),Chinelle Henry,Priya Mishra,,15,3,0,0,0,0,0,0,1,0,0,0,0,0,0,0,0,,,0,14.3,1,1,0,568969,-83.5,53.0,0,0,,,Knuckleball,97.0,BACKFOOT PUSH,0,0,3,14,43,3,Off stump,Good Length,0,0,0,0,0,0,0,0,44.26734735080043,2.515215753390704,8.340666797601326,-0.5417644239181545,1.75437369731468,-0.13897588036614,-0.101708863148703,-10.9984623284332,-18.0668644475982,0.897213519427474,-6.19625212345291,16.61932930099004,0.5334095107312582,0.6134364806095702,48.67452101830972,Defended,Played,None,1.07019424438477,1.057216644287109,6.263244,0.055466,-0.0903343222379912,0.0,-10.6,-12.7345314349471,-0.748259362565987,-0.748259362565987,-8.98311,-0.255022,0.707855,-8.840837,-0.246348,0.714069,-18.93003196999602,-10.06011286517083,-0.3209843490378133,0.614001578882243,0.05336702862830488,-6.205750052190317,-1.30775171381552e-02,-1.00000000000000e+00,KOTAMBI-STADIUM-VADODARA,2024-12-27,,R,R,R,West-Indies-Women,India-Women,Spin,1
1735,1,75,West Indies (Women),Chinelle Henry,Priya Mishra,,15,4,1,1,1,1,0,0,0,0,0,0,0,0,0,0,0,,,0,14.4,1,1,0,568972,-80.5,179.5,1,0,,,Knuckleball,6.0,BACKFOOT OFF DRIVE,0,0,4,14,44,3,Off stump,Good Length,0,0,0,0,0,0,0,0,43.45444453344516,2.779005933314705,8.340811454419907,-0.5767775948928567,1.769717986248388,-0.13654922526453,-0.0913590754797612,-11.1863323091543,-17.7513992843888,0.771776046239623,-6.29444356749058,15.60627732799049,0.4430143778608837,0.5911995659682462,54.37849710914856,Attacked,Played,None,1.06784820556641,1.060455322265625,6.396291,-0.058456,-0.0887569964219442,0.0,-10.6,-13.3224642799723,-0.478718591901494,-0.478718591901494,-9.074264,-0.256465,0.670863,-8.840691,-0.247765,0.681164,-19.52392552996144,-10.06013031142732,-0.2933408308496362,0.5883337619738214,0.03590423909773907,-4.54741035061712,2.47905450192032e-03,-1.00000000000000e+00,KOTAMBI-STADIUM-VADODARA,2024-12-27,,R,R,R,West-Indies-Women,India-Women,Spin,1
1735,1,75,West Indies (Women),Shemaine Campbelle,Priya Mishra,,15,5,4,4,4,0,0,0,0,0,0,0,0,0,1,0,0,,,0,14.5,1,1,0,568973,176.5,129.0,4,0,,,Knuckleball,106.0,BACKFOOT PULL SHOT,0,0,5,14,48,3,Outside Off stump,Short of Good Length,0,0,0,0,0,0,0,0,45.33891995175956,0.7553811913471553,8.34090137315269,-0.5996076084795944,1.727123255303784,-0.143327088901001,-0.252240709070078,-10.8797477508487,-18.6325215571301,0.660343795366284,-6.05176621174769,16.9180388686425,0.487377951862117,0.6866468564641286,64.2592332834076,Attacked,Played,None,1.04632186889648,0.9524002075195312,7.116323,-0.173551,-0.0931626077856506,0.0,-10.6,-13.6616530455356,-0.461885935525019,-0.461885935525019,-7.933727,-0.345197,0.859579,-8.840887,-0.377049,0.849288,-17.9935829829431,-10.06004761562255,-0.4201818211884543,0.7550015213171342,-0.2519599462062668,-3.966106856509132,-2.26498795182656e-02,-1.00000000000000e+00,KOTAMBI-STADIUM-VADODARA,2024-12-27,,R,R,R,West-Indies-Women,India-Women,Spin,1
1735,1,75,West Indies (Women),Shemaine Campbelle,Priya Mishra,,15,6,0,0,0,0,0,0,1,0,0,0,0,0,0,0,0,,,0,14.6,1,1,0,568974,176.5,129.0,0,0,,,Knuckleball,105.0,LEFT ALONE,0,0,6,14,48,3,Outside Off stump,Good Length,0,0,0,0,0,0,0,0,44.84239894437551,4.551478211392328,8.340760430497937,-0.623053832061466,1.765394299381381,-0.139301912926162,0.0581599717367403,-10.2354778111283,-18.109248680401,0.417762338390362,-6.15763800668512,12.57794658962047,0.2402327042477189,0.5720798206296955,71.78870266968244,None,None,None,0.975975036621094,1.009185791015625,3.920441,-0.32305,-0.0905462434020051,0.0,-10.6,-15.7880192067345,0.128538160714385,0.128538160714385,-999.9,-999.9,-999.9,-8.840656,-0.300887,0.488403,-18.77943267425613,-10.06012241143201,-0.2907664133381285,0.589000081791605,0.2578821293724752,-0.8550589057930792,3.11445578925296e-02,-1.00000000000000e+00,KOTAMBI-STADIUM-VADODARA,2024-12-27,,R,R,R,West-Indies-Women,India-Women,Spin,1
1735,1,75,West Indies (Women),Chinelle Henry,Deepti Sharma,,16,1,1,1,1,1,0,0,0,0,0,0,0,0,0,0,0,,,0,15.1,1,1,0,568977,-84.0,61.5,1,0,,,Knuckleball,97.0,BACKFOOT PUSH,0,0,1,15,49,3,Outside Off stump,Good Length,1,0,0,0,0,0,0,0,44.09087779710637,1.790038362867694,8.340767255378157,-0.5377495110348278,1.993368990092235,-0.1393259962741,-1.26407161591071,-9.35580307327587,-18.112379515633,-0.247100571391432,-6.08478317657225,16.89490264852642,0.5800514159173507,0.6175777146041252,44.63151559888372,Attacked,Played,None,1.03775024414062,1.014335632324219,4.738649,-0.389842,-0.090561897578165,0.0,-10.6,-12.3724205716866,0.896323891593551,0.896323891593551,-8.948176,-0.123545,0.684212,-8.8409,-0.131525,0.678373,-18.56957326754602,-10.0599446583329,-0.04045831079432533,0.6950836288573758,-2.668872698496521,4.925188793826785,-3.00816090216815e-01,-1.00000000000000e+00,KOTAMBI-STADIUM-VADODARA,2024-12-27,,R,R,R,West-Indies-Women,India-Women,Spin,1
1735,1,75,West Indies (Women),Shemaine Campbelle,Deepti Sharma,,16,2,1,1,1,1,0,0,0,0,0,0,0,0,0,0,0,,,0,15.2,1,1,0,568979,31.5,189.5,1,0,,,Knuckleball,27.0,FORWARD PUSH,0,0,2,15,50,3,Outside Off stump,Full Length,0,1,1,0,1,0,0,0,45.8890935425427,2.849816437484412,8.340798350500947,-0.5727977010197323,2.00751729454629,-0.141809154661328,-0.693032179182248,-9.51641260882803,-18.4351901059726,0.157013177420568,-6.20348725646817,12.85355478598577,0.2053675003763512,0.6026301096036388,79.85776640291071,Attacked,Played,None,0.924224853515625,0.829193115234375,3.622201,-0.25382,-0.0921759505298631,0.0,-10.6,-16.3837658943381,0.582470173012878,0.582470173012878,-7.579745,-0.213091,0.27595,-8.840893,-0.167803,0.476946,-18.59821419876225,-10.05997670743926,-0.1237153407005492,0.6110619052235099,-1.417957876112496,1.548124464919837,-1.73998924065885e-01,-1.00000000000000e+00,KOTAMBI-STADIUM-VADODARA,2024-12-27,,R,R,R,West-Indies-Women,India-Women,Spin,1
1735,1,75,West Indies (Women),Chinelle Henry,Deepti Sharma,,16,3,0,0,0,0,0,0,1,0,0,0,0,0,0,0,0,,,0,15.3,1,1,0,568980,-56.0,42.0,0,0,,,Knuckleball,49.0,FORWARD DEFENCE,0,0,3,15,50,3,Outside Off stump,Good Length,0,0,1,0,0,0,0,0,44.82294753884471,1.906722368436318,8.3408784206282,-0.5208595197102881,1.996939679626,-0.139909915275592,-0.60139132481808,-9.49677159731482,-18.188288985827,0.342624328927,-6.13834917636607,14.95666023562544,0.3198326584459849,0.6493676809303632,75.421886294956,Defended,Played,None,0.974166870117188,0.8775787353515625,4.686415,-0.120732,-0.090941444929135,0.0,-10.6,-14.9212625063803,0.979902183895977,0.979902183895977,-7.754464,0.036769,0.540494,-8.840931,0.109414,0.680562,-18.64897779689858,-10.06016410932661,0.1915239151508538,0.7687428622392711,-1.124492015699759,2.678117157418725,-1.27122739252086e-01,-1.00000000000000e+00,KOTAMBI-STADIUM-VADODARA,2024-12-27,,R,R,R,West-Indies-Women,India-Women,Spin,1
1735,1,75,West Indies (Women),Chinelle Henry,Deepti Sharma,,16,4,0,0,0,0,0,0,1,0,0,0,0,0,0,0,0,,,0,15.4,1,1,0,568982,-91.0,35.5,0,0,,,Knuckleball,36.0,CUT SHOT,0,0,4,15,50,3,Outside Off stump,Good Length,0,0,1,0,0,0,0,0,44.05131076002028,0.9418006723432217,8.340851905305037,-0.5660210776827699,1.979302630622777,-0.139198381444844,-0.874992572814773,-9.75096808769515,-18.0957895878297,0.235971177238024,-6.16445346765876,15.11510893138985,0.3939970367456946,0.6187964585990997,63.41976511529549,Defended,Played,None,1.02097320556641,1.0059814453125,5.779535,-0.21509,-0.0904789479391484,0.0,-10.6,-14.1225129780949,1.10444455235781,1.10444455235781,-9.013443,0.160778,0.720546,-8.840954,0.146875,0.717099,-18.81175799948518,-10.06013441273248,0.2454872356250792,0.7052539038238419,-1.61355564887194,3.724587166421804,-1.70259280521385e-01,-1.00000000000000e+00,KOTAMBI-STADIUM-VADODARA,2024-12-27,,R,R,R,West-Indies-Women,India-Women,Spin,1
1735,1,75,West Indies (Women),Chinelle Henry,Deepti Sharma,,16,5,0,0,0,0,0,0,1,0,0,0,0,0,0,0,0,,,0,15.5,1,1,0,568984,-93.0,30.0,0,0,,,Knuckleball,97.0,BACKFOOT PUSH,0,0,5,15,50,3,Outside Off stump,Good Length,0,0,1,0,0,0,0,0,43.50432690847336,2.672257601298157,8.340664548897351,-0.5485738012314172,1.99672140017225,-0.13533320347214,-0.706370976811535,-9.92043793635682,-17.5933164513782,0.256842711791566,-6.30342629422092,16.11401578338842,0.3094134881179307,0.657344419593694,77.66031412726105,Defended,Played,None,1.01644134521484,1.014507293701172,4.965301,-0.175392,-0.0879665822568908,0.0,-10.6,-14.3424001205263,0.764565549546237,0.764565549546237,-9.170378,0.044636,0.788994,-8.84085,0.026638,0.760326,-19.71185447384004,-10.06006220310974,0.09341612871289506,0.8371564208764383,-1.435701479677562,2.215043877044411,-1.59803474458371e-01,-1.00000000000000e+00,KOTAMBI-STADIUM-VADODARA,2024-12-27,,R,R,R,West-Indies-Women,India-Women,Spin,1
1735,1,75,West Indies (Women),Chinelle Henry,Deepti Sharma,,16,6,2,2,2,0,1,0,0,0,0,0,0,0,0,0,0,,,0,15.6,1,1,0,568985,-32.0,-117.0,2,0,,,Knuckleball,97.0,BACKFOOT PUSH,0,0,6,15,52,3,Outside Off stump,Good Length,0,0,1,0,0,0,0,0,46.83523547542864,1.714117442183477,8.340678173926715,-0.5963405295468888,1.982886232879381,-0.145584701999684,-0.960847829064462,-9.45090146245079,-18.9260112599589,0.232740457448068,-6.10071536110797,12.9276978224643,0.3421216656436863,0.586886863521108,63.82086296379757,Defended,Edged,None,0.924396514892578,0.9177017211914062,4.202387,-0.18709,-0.0946300562997947,0.0,-10.6,-15.5983225647538,0.728235127767294,0.728235127767294,-9.035333,-0.037284,0.546964,-8.840892,-0.046535,0.528326,-17.86649494540558,-10.06006692760247,0.01165331429345112,0.6171022294218446,-1.796204438396239,1.968460524359867,-2.10739417321921e-01,-1.00000000000000e+00,KOTAMBI-STADIUM-VADODARA,2024-12-27,,R,R,R,West-Indies-Women,India-Women,Spin,1
1735,1,75,West Indies (Women),Shemaine Campbelle,Priya Mishra,,17,1,4,4,4,0,0,0,0,0,0,0,0,0,1,0,0,,,0,16.1,1,1,0,568988,-31.0,226.5,4,0,,,Knuckleball,21.0,STEP DOWN OFF DRIVE,0,0,1,16,56,3,Outside Off stump,Full Toss,1,0,1,0,0,0,0,0,44.628527,6.674887432916,8.340679911218977,-0.5320968903725333,1.795962314861203,-0.135450719571167,0.368877421175049,-9.96779245909947,-17.6085935442517,0.460706195843678,-6.36656113792095,13.89503837326431,0.08384060626484036,0.6500000000000004,99.11593937351603,Attacked,Played,None,0.975975036621094,0.8322830200195312,2.115321,-0.270696,-0.125775668173226,-0.0547583525421663,-10.6,-16.7281638670391,0.437670886051494,0.437670886051494,-7.254968,-0.288412,0.27359,-8.840721,-0.247252,0.239589,-19.877957998369,-10.05999877683515,-0.2153514149774045,0.4738671844044757,1.095975299504612,0.0,1.33837989393782e-01,-1.00000000000000e+00,KOTAMBI-STADIUM-VADODARA,2024-12-27,,R,R,R,West-Indies-Women,India-Women,Spin,1
1735,1,75,West Indies (Women),Shemaine Campbelle,Priya Mishra,,17,2,4,4,4,0,0,0,0,0,0,0,0,0,1,0,0,,,0,16.2,1,1,0,568989,-190.0,-26.0,4,0,,,Knuckleball,89.0,STEP DOWN COVER DRIVE,0,0,2,16,60,3,Outside Off stump,Full Length,0,0,1,0,0,0,0,0,43.70950240317023,6.185300226941042,8.341016124010803,-0.6034511079019245,1.831661011134357,-0.137183571866213,-0.230232095776782,-11.0258637548125,-17.8338643426076,-0.38749537521047,-6.64492269922325,13.6654591826388,0.2732985168402076,0.5484248612529863,64.93387750392719,Attacked,Played,None,0.993198394775391,0.8514633178710938,3.35652,-0.839416,-0.0891693217130382,0.0,-10.6,-14.988540095714,-1.0612065799164,-1.0612065799164,-7.499254,-0.895891,0.219127,-8.840812,-0.991712,0.454033,-20.4354636901955,-10.06002854159044,-1.079468445448287,0.5933520000676593,-0.6581544622669379,-2.805121148544942,-2.52828066538056e-02,-1.00000000000000e+00,KOTAMBI-STADIUM-VADODARA,2024-12-27,,R,R,R,West-Indies-Women,India-Women,Spin,1
1735,1,75,West Indies (Women),Shemaine Campbelle,Priya Mishra,,17,3,0,0,0,0,0,0,1,0,0,0,0,0,0,0,0,,,0,16.3,1,1,0,568991,,,0,0,,,Knuckleball,49.0,FORWARD DEFENCE,0,0,3,16,60,3,Outside Off stump,Good Length,0,0,1,0,0,0,0,0,44.780228,6.185300226941042,8.341016124010803,-0.5300997054065507,1.831661011134357,-0.137183571866213,0.0,-11.0258637548125,-17.8338643426076,-0.38749537521047,-6.64492269922325,13.6654591826388,0.2732985168402076,0.5484248612529863,64.93387750392719,Defended,Missed,None,0.993198394775391,0.8514633178710938,3.35652,-0.839416,-0.0891693217130382,0.0,-10.6,-14.988540095714,-1.0612065799164,-1.0612065799164,-999.9,-999.9,-999.9,-8.840812,-0.991712,0.454033,-20.4354636901955,-10.06002854159044,-1.079468445448287,0.5933520000676593,-0.1290730694225072,-2.805121148544942,-2.52828066538056e-02,-1.00000000000000e+00,KOTAMBI-STADIUM-VADODARA,2024-12-27,,R,R,R,West-Indies-Women,India-Women,Spin,1
1735,1,75,West Indies (Women),Shemaine Campbelle,Priya Mishra,,17,4,1,1,1,1,0,0,0,0,0,0,0,0,0,0,0,,,0,16.4,1,1,0,568994,42.5,116.5,1,0,,,Knuckleball,97.0,BACKFOOT PUSH,0,0,4,16,61,3,Outside Off stump,Good Length,0,0,1,0,0,0,0,0,44.75532611733796,5.492007801956688,8.340653955282235,-0.5450956939609584,1.760291147711005,-0.137769151103946,0.157972614720831,-9.8825330609994,-17.909989643513,0.767080795347408,-6.14763168495035,14.60690705877061,0.3362749463605451,0.6175388215199997,69.00332859194546,Attacked,Played,None,0.966178894042969,0.8345718383789062,2.911303,0.028938,-0.0895499482175648,0.0,-10.6,-14.5674092898556,0.662802789901111,0.662802789901111,-7.403306,0.040531,0.100855,-8.840693,0.106325,0.407079,-18.94486278925632,-10.05985127268879,0.1625921511611997,0.5861034656359017,0.6293408400193786,0.1526385396821816,8.42860640774628e-02,-1.00000000000000e+00,KOTAMBI-STADIUM-VADODARA,2024-12-27,,R,R,R,West-Indies-Women,India-Women,Spin,1
1735,1,75,West Indies (Women),Chinelle Henry,Priya Mishra,,17,5,1 (WD),1,0,0,0,0,0,1,1,0,0,0,0,0,0,,,0,16.5,1,1,1,568995,42.5,116.5,1,0,,,Knuckleball,105.0,LEFT ALONE,0,0,5,16,62,3,Wide outside Off stump,Good Length,0,0,1,0,0,0,0,0,43.2753336185985,6.109575750136385,8.340930926012682,-0.627976259509227,1.828518117182801,-0.133490287996943,-0.103631999959276,-11.0665659316903,-17.3537374396026,-0.355063930439841,-6.62298564325763,17.42128358257882,0.3673744228704608,0.632168592776911,68.08784662949057,None,None,None,1.03328704833984,1.091697692871094,4.041644,-0.874732,-0.086768687198013,0.0,-10.6,-13.3428625536567,-1.07521399934444,-1.07521399934444,-999.9,-999.9,-999.9,-8.840868,-1.104293,0.691237,-20.88915828927272,-10.06010362990006,-1.204786716010676,0.8247367357524877,-0.3583294958691789,-3.435007344427067,-4.48976388285397e-02,-1.00000000000000e+00,KOTAMBI-STADIUM-VADODARA,2024-12-27,,R,R,R,West-Indies-Women,India-Women,Spin,1
1735,1,75,West Indies (Women),Chinelle Henry,Priya Mishra,,17,5,4,4,4,0,0,0,0,0,0,0,0,0,1,0,0,,,0,16.5,1,1,0,568997,-190.0,-26.0,4,0,,,Knuckleball,36.0,CUT SHOT,0,0,6,16,66,3,Outside Off stump,Good Length,0,0,1,0,0,0,0,0,44.91323702655682,3.622856061116109,8.340730450318635,-0.5905245551671636,1.776978826421276,-0.139946508853614,-0.407933302344743,-11.0752060576767,-18.1930461509698,0.363079062377559,-6.3327871511146,14.14088433838995,0.2899079290981385,0.6065673142148115,71.99430422240786,Attacked,Played,None,0.949493408203125,0.9972038269042969,5.295773,-0.24528,-0.0909652307548492,0.0,-10.6,-15.2466497244067,-0.121187966276191,-0.121187966276191,-9.438215,-0.282959,0.720992,-8.840915,-0.278084,0.69047,-19.19241100169024,-10.0600339583661,-0.2880530542311736,0.7345603581786135,-0.6957522170461236,-1.598707292648489,-7.54940462892665e-02,-1.00000000000000e+00,KOTAMBI-STADIUM-VADODARA,2024-12-27,,R,R,R,West-Indies-Women,India-Women,Spin,1
1735,1,75,West Indies (Women),Chinelle Henry,Priya Mishra,,17,6,0,0,0,0,0,0,1,0,0,0,0,0,0,0,0,,,0,16.6,1,1,0,568998,-95.5,-6.0,0,0,,,Knuckleball,36.0,CUT SHOT,0,0,7,16,66,3,Outside Off stump,Good Length,0,0,1,0,0,0,0,0,46.32010827736987,0.857800795998052,8.341001997571428,-0.614963597732997,1.695629807308936,-0.145609216343852,0.408318044622162,-9.77347151142836,-18.9291981247007,0.700577207878363,-5.68982621541823,12.32932786094062,0.2942581653914232,0.6228658165951346,74.00405595012788,Attacked,Played,None,0.912609100341797,0.9546661376953125,6.245558,-0.26183,-0.0946459906235037,0.0,-10.6,-16.2143641612908,0.588205439205104,0.588205439205104,-9.2519,-0.061378,0.636548,-8.840668,-0.076766,0.634708,-16.72997088286542,-10.05987480833143,-0.03103265247309686,0.6189172201172626,0.87438161296113,-0.0419751774206353,8.88643308526275e-02,-1.00000000000000e+00,KOTAMBI-STADIUM-VADODARA,2024-12-27,,R,R,R,West-Indies-Women,India-Women,Spin,1
1735,1,75,West Indies (Women),Shemaine Campbelle,Deepti Sharma,,18,1,2,2,2,0,1,0,0,0,0,0,0,0,0,0,0,,,0,17.1,1,1,0,569001,-135.5,84.0,2,0,,,Knuckleball,74.0,STEP DOWN ON DRIVE,0,0,1,17,68,3,Outside Off stump,Full Length,1,0,1,0,0,0,0,0,44.95896940205164,2.752714545915311,8.340752523573784,-0.5642895030965167,2.013880432102452,-0.14029653950393,-0.839818773224588,-9.37286805385987,-18.2385501355109,-0.179096958011839,-6.16319886353621,12.45979989552463,0.2609523901671466,0.5637152815716163,68.46205321902778,Attacked,Played,None,0.946311950683594,0.8132514953613281,3.739622,-0.457096,-0.0911927506775545,0.0,-10.6,-15.7237070535612,0.158297600348589,0.158297600348589,-7.129541,-0.448931,0.20346,-8.840663,-0.431536,0.461156,-18.67121841375048,-10.06008269345982,-0.4190324304580276,0.5673215514349246,-1.86260509289342,1.139411650333211,-2.25404199835630e-01,-1.00000000000000e+00,KOTAMBI-STADIUM-VADODARA,2024-12-27,,R,R,R,West-Indies-Women,India-Women,Spin,1
1735,1,75,West Indies (Women),Shemaine Campbelle,Deepti Sharma,,18,2,1,1,1,1,0,0,0,0,0,0,0,0,0,0,0,,,0,17.2,1,1,0,569002,142.0,-34.0,1,0,,,Knuckleball,37.0,STEP DOWN FLICK,0,0,2,17,69,3,Outside Off stump,Good Length,0,0,1,0,0,0,0,0,44.74887021551449,2.349148775291361,8.34078690247415,-0.5717293173691218,2.002186158043942,-0.140282921724633,-0.8012595572162,-9.79048436725706,-18.2367798242023,-0.0024771618037136,-6.26268247134584,11.4152671259163,0.4401157075479049,0.4560696561813684,34.39887767241477,Attacked,Played,None,0.987339019775391,0.8203582763671875,4.498388,-0.363374,-0.0911838991210113,0.0,-10.6,-14.1458151629125,1.48366075061234,1.48366075061234,-6.91511,-0.220792,0.259724,-8.84083,-0.015752,0.412446,-18.95295571664978,-10.05988700259894,0.1153953999062591,0.4039727142506666,-1.647387235228395,5.995265946265984,-1.89489140206122e-01,-1.00000000000000e+00,KOTAMBI-STADIUM-VADODARA,2024-12-27,,R,R,R,West-Indies-Women,India-Women,Spin,1
1735,1,75,West Indies (Women),Chinelle Henry,Deepti Sharma,,18,3,1,1,1,1,0,0,0,0,0,0,0,0,0,0,0,,,0,17.3,1,1,0,569004,-96.5,-16.0,1,0,,,Knuckleball,97.0,BACKFOOT PUSH,0,0,3,17,70,3,Outside Off stump,Good Length,0,0,1,0,0,0,0,0,44.77232745672251,1.985467459992307,8.340704143194102,-0.5942942383461247,1.988126946343831,-0.140222615582871,-0.971298313768534,-9.6491065179466,-18.2289400257733,-0.0547162549694979,-6.18220466021976,18.70084947267956,0.5617048159154548,0.6765306311268244,55.30911307747819,Attacked,Played,None,1.02474975585938,1.023902893066406,4.729901,-0.386366,-0.0911447001288663,0.0,-10.6,-12.355915447114,1.12632437682,1.12632437682,-9.116693,-0.03628,0.820888,-8.840675,-0.062137,0.797715,-18.73397138329311,-10.06007329933298,0.05250443504605046,0.857933316538779,-1.985583842449049,5.380478138527994,-2.24833782017758e-01,-1.00000000000000e+00,KOTAMBI-STADIUM-VADODARA,2024-12-27,,R,R,R,West-Indies-Women,India-Women,Spin,1
1735,1,75,West Indies (Women),Shemaine Campbelle,Deepti Sharma,,18,4,0,0,0,0,0,0,1,0,0,0,0,0,0,0,0,,,0,17.4,1,1,0,569006,-74.0,58.0,0,0,,,Knuckleball,74.0,STEP DOWN ON DRIVE,0,0,4,17,70,3,Outside Off stump,Good Length,0,0,1,0,0,0,0,0,43.02914891173799,4.348232766912314,8.34058854599827,-0.5729762770932507,2.022210774004736,-0.132722493620293,-0.809517688082473,-10.0179650142719,-17.2539241706381,0.0700706719743039,-6.47832232532551,16.23977948059598,0.2639300375126837,0.648567080032597,80.89205825362119,Attacked,Played,None,1.02687835693359,0.8569679260253906,3.988608,-0.263485,-0.0862696208531906,0.0,-10.6,-14.4247052135686,0.553146973286578,0.553146973286578,-7.003804,-0.22763,0.283632,-8.84084,-0.156395,0.648337,-20.57962559107096,-10.05988146249605,-0.1086839018753226,0.7943050189547121,-1.892737871698967,1.963371234860759,-2.23416298851042e-01,-1.00000000000000e+00,KOTAMBI-STADIUM-VADODARA,2024-12-27,,R,R,R,West-Indies-Women,India-Women,Spin,1
1735,1,75,West Indies (Women),Shemaine Campbelle,Deepti Sharma,,18,5,1,1,1,1,0,0,0,0,0,0,0,0,0,0,0,,,0,17.5,1,1,0,569007,43.5,167.5,1,0,,,Knuckleball,47.0,FRONTFOOT ON DRIVE,0,0,5,17,71,3,Outside Off stump,Full Length,0,0,1,0,0,0,0,0,44.9454381370522,4.293323973016149,8.340616596901398,-0.5989604527221843,2.00422860793274,-0.138081638560501,-0.79397264168221,-10.1068277452397,-17.9506130128651,0.115467067459327,-6.48934100688896,14.32698590281733,0.3402733780015781,0.5692640420910032,61.36226851349268,Attacked,Played,None,0.9525146484375,0.8598060607910156,3.401329,-0.259391,-0.0897530650643254,0.0,-10.6,-14.4642552474129,0.7900174668488,0.7900174668488,-7.653768,-0.204872,0.262371,-8.840716,-0.139397,0.471505,-19.87547201940148,-10.06003057523782,-0.07162496371954613,0.6112886573840323,-1.757666576697813,2.75776009710398,-2.17751392115995e-01,-1.00000000000000e+00,KOTAMBI-STADIUM-VADODARA,2024-12-27,,R,R,R,West-Indies-Women,India-Women,Spin,1
1735,1,75,West Indies (Women),Chinelle Henry,Deepti Sharma,,18,6,1,1,1,1,0,0,0,0,0,0,0,0,0,0,0,,,0,17.6,1,1,0,569009,85.0,-110.0,1,0,,,Knuckleball,36.0,CUT SHOT,0,0,6,17,72,3,Leg stump,Good Length,0,0,1,0,0,0,0,0,45.81414437933421,0.664270825236704,8.340971061311699,-0.5519772264714893,1.95832592365061,-0.144089865445332,-0.635976751332091,-9.54564036621439,-18.7316825078931,0.430368830786879,-6.0666119147604,11.70532960233274,0.3825853547452942,0.5177514772534553,49.40418611348887,Attacked,Edged,None,0.96002197265625,0.9496078491210938,5.419564,-0.128941,-0.0936584125394656,0.0,-10.6,-15.1602004579985,1.27748556628663,1.27748556628663,-8.963661,0.240312,0.498626,-8.840683,0.229669,0.497615,-17.94553312091544,-10.06012579553032,0.3355738238567744,0.4749036050963519,-1.047698088993047,3.500527576209752,-1.12777615244148e-01,-1.00000000000000e+00,KOTAMBI-STADIUM-VADODARA,2024-12-27,,R,R,R,West-Indies-Women,India-Women,Spin,1
1735,1,75,West Indies (Women),Chinelle Henry,Tanuja Kanwar,,19,1,0,0,0,0,0,0,1,0,0,0,0,0,0,0,0,,,0,18.1,1,1,0,569012,40.0,15.5,0,0,,,Knuckleball,50.0,BACKFOOT DEFENCE,0,0,1,18,72,3,Outside Off stump,Good Length,1,0,1,0,0,0,0,0,43.4221216163211,2.056301552772503,8.340981475226254,-0.7063089954432102,1.79870322865052,-0.136645327016271,1.14459338858801,-9.09976261152112,-17.7638925121153,1.23149765132671,-5.70286046713784,10.53460957847809,0.2881291722165996,0.4996395105864966,56.13300936631455,Defended,Played,None,0.999801635742188,1.002708435058594,5.276447,-0.123029,-0.0888194625605764,0.0,-10.6,-15.3221898142127,0.786850240043093,0.786850240043093,-9.302165,0.112111,0.416982,-8.840834,0.087816,0.421758,-17.79853368965066,-10.05997157802596,0.1521646478036902,0.3870464744149268,2.718342365555471,-1.025971314496208,2.97332736631542e-01,-1.00000000000000e+00,KOTAMBI-STADIUM-VADODARA,2024-12-27,,R,R,L,West-Indies-Women,India-Women,Spin,1
1735,1,75,West Indies (Women),Chinelle Henry,Tanuja Kanwar,,19,2,4,4,4,0,0,0,0,0,0,0,0,0,1,0,0,,,0,18.2,1,1,0,569013,-181.5,138.5,4,0,,,Knuckleball,52.0,BACKFOOT COVERDRIVE,0,0,2,18,76,3,Outside Off stump,Short of Good Length,0,0,1,0,0,0,0,0,42.79175728013751,0.8298935102461252,8.340636883670896,-0.6931261349582151,1.747111007472553,-0.134914802214052,1.08820572355084,-9.13917051337734,-17.5389242878268,0.761674565185819,-5.59445915324461,12.92463221997383,0.3279554369072162,0.5994532520258634,67.1224441131579,Attacked,Played,None,1.01188659667969,1.026191711425781,6.629881,-0.428362,-0.0876946214391338,0.0,-10.6,-14.6137862781604,0.455560841475101,0.455560841475101,-8.944635,-0.253547,0.545474,-8.840786,-0.256894,0.550433,-17.69132577470586,-10.0600939723855,-0.2174596183206476,0.4556572047735092,2.299289953725963,-0.701135760399664,2.26132071776443e-01,-1.00000000000000e+00,KOTAMBI-STADIUM-VADODARA,2024-12-27,,R,R,L,West-Indies-Women,India-Women,Spin,1
1735,1,75,West Indies (Women),Chinelle Henry,Tanuja Kanwar,,19,3,1,1,1,1,0,0,0,0,0,0,0,0,0,0,0,,,0,18.3,1,1,0,569015,-96.5,13.5,1,0,,,Knuckleball,36.0,CUT SHOT,0,0,3,18,77,3,Outside Off stump,Good Length,0,0,1,0,0,0,0,0,43.1908628554931,3.147259351329518,8.340973113756629,-0.7561903479445122,1.808592365620666,-0.134339340964979,1.18217750153677,-9.41121113796889,-17.4641143254473,0.917696190418616,-5.86374455628119,12.24529165051044,0.3095464528068165,0.5423552780860352,60.39864643222363,Attacked,Played,None,0.970367431640625,1.007846832275391,4.896377,-0.400971,-0.0873205716272366,0.0,-10.6,-14.6530714704233,1.02213294996801,1.02213294996801,-9.10449,-0.122794,0.514512,-8.840963,-0.141604,0.507282,-18.55997250061313,-10.06013842995983,-0.05432960013442995,0.5105206402874242,2.86540084618484,0.9822490930185174,3.21431092017551e-01,-1.00000000000000e+00,KOTAMBI-STADIUM-VADODARA,2024-12-27,,R,R,L,West-Indies-Women,India-Women,Spin,1
1735,1,75,West Indies (Women),Shemaine Campbelle,Tanuja Kanwar,,19,4,0,0,0,0,0,0,1,0,0,0,0,0,0,0,0,,,0,18.4,1,1,0,569016,-14.0,60.0,0,0,,,Knuckleball,49.0,FORWARD DEFENCE,0,0,4,18,77,3,Outside Off stump,Good Length,0,0,1,0,0,0,0,0,45.81206558039812,1.949100087611237,8.340604177712258,-0.9345654719854062,1.745729020268011,-0.143009596626657,1.36848496750003,-9.10687746224454,-18.5912475614654,1.33209658030507,-5.61360015185633,9.992008427430838,0.2869100877285121,0.5076285790752614,57.453278088438,Defended,Played,None,0.944400787353516,0.8747520446777344,4.854236,-0.339981,-0.0929562378073268,0.0,-10.6,-16.1742117266705,1.08742921181751,1.08742921181751,-8.118764,-0.142475,0.385106,-8.840869,-0.092996,0.416194,-16.80161436879567,-10.06016432956094,-0.008969354745743674,0.41870793545408,3.027926030666072,-0.252004644163307,3.41295129855676e-01,-1.00000000000000e+00,KOTAMBI-STADIUM-VADODARA,2024-12-27,,R,R,L,West-Indies-Women,India-Women,Spin,1
1735,1,75,West Indies (Women),Shemaine Campbelle,Tanuja Kanwar,,19,5,1,1,1,1,0,0,0,0,0,0,0,0,0,0,0,,,0,18.5,1,1,0,569017,160.0,10.0,1,0,,,Knuckleball,40.0,FRONTFOOT FLICK,0,0,5,18,78,3,Outside Off stump,Good Length,0,0,1,0,0,0,0,0,46.87266595202118,-0.4834469889525844,8.340586058202451,-0.9869082091450092,1.679235781034981,-0.147764913871003,1.42126047301237,-8.92695871736026,-19.2094388032304,1.30148933155863,-5.40924697507025,12.18219296855725,0.2850569543548348,0.6636267870058956,81.03832261540087,Attacked,Played,None,0.899116516113281,0.8893775939941406,6.639075,-0.468195,-0.0960471940161518,0.0,-10.6,-16.6281361222852,1.41530716520052,1.41530716520052,-8.390396,-0.039028,0.643318,-8.840966,0.000509,0.64967,-15.72685766682973,-10.06013711563175,0.1080236472189692,0.6251124208949923,2.594982077892283,0.9890019346828693,2.55559967305694e-01,-1.00000000000000e+00,KOTAMBI-STADIUM-VADODARA,2024-12-27,,R,R,L,West-Indies-Women,India-Women,Spin,1
1735,1,75,West Indies (Women),Chinelle Henry,Tanuja Kanwar,,19,6,2,2,2,0,1,0,0,0,0,0,0,0,0,0,0,,,0,18.6,1,1,0,569019,-97.5,49.5,2,0,,,Knuckleball,97.0,BACKFOOT PUSH,0,0,6,18,80,3,Outside Off stump,Good Length,0,0,1,0,0,0,0,0,41.93952331400823,2.465610566585497,8.340740498480606,-0.8116692877893268,1.774905731944041,-0.1321681553606,1.21646517369532,-10.1434910573129,-17.181860196878,1.19957675505903,-5.99357705088605,16.54541916049599,0.4434080976196892,0.6366658825345379,61.15907261821177,Attacked,Played,None,1.10357666015625,1.083915710449219,6.352986,-0.280767,-0.0859093009843901,0.0,-10.6,-12.8448829819979,0.866557197434846,0.866557197434846,-8.923149,0.077415,0.708142,-8.840841,0.071663,0.711662,-19.23038962002938,-10.06013018073159,0.1572069694267238,0.6111359633349547,2.822442398693219,-0.1341985874927749,2.84414892252034e-01,-1.00000000000000e+00,KOTAMBI-STADIUM-VADODARA,2024-12-27,,R,R,L,West-Indies-Women,India-Women,Spin,1
1735,1,75,West Indies (Women),Shemaine Campbelle,Deepti Sharma,,20,1,4,4,4,0,0,0,0,0,0,0,0,0,1,0,0,,,0,19.1,1,1,0,569021,129.5,189.5,4,0,,,Knuckleball,94.0,STEP DOWN LOFTED ON DRIVE,0,0,1,19,84,3,Outside Off stump,Good Length,1,0,1,0,0,0,0,0,45.03079553802493,3.147382237843729,8.340949794175671,-0.5658214679402062,1.994504345214939,-0.139217211653577,-0.742374116493126,-9.99140091215432,-18.098237514965,0.283493368895385,-6.36102562015507,15.85393473971635,0.4309909080146687,0.6089008226438157,58.2360325951055,Attacked,Played,None,0.898818969726562,0.8050460815429688,4.15012,-0.146782,-0.090491187574825,0.0,-10.6,-13.6387010002694,1.17922523592448,1.17922523592448,-6.697144,-0.078535,0.237062,-8.840818,0.109128,0.621598,-19.36515232793684,-10.06013832424264,0.2170895265877729,0.7211747224633313,-1.492561952386138,4.044185084993861,-1.62337986899972e-01,-1.00000000000000e+00,KOTAMBI-STADIUM-VADODARA,2024-12-27,,R,R,R,West-Indies-Women,India-Women,Spin,1
1735,1,75,West Indies (Women),Shemaine Campbelle,Deepti Sharma,,20,2,1,1,1,1,0,0,0,0,0,0,0,0,0,0,0,,,0,19.2,1,1,0,569023,41.0,182.5,1,0,,,Knuckleball,74.0,STEP DOWN ON DRIVE,0,0,2,19,85,3,Outside Off stump,Good Length,0,0,1,0,0,0,0,0,46.65100168417812,2.070910988424212,8.340999024126702,-0.6228245690925687,1.978223838382638,-0.144400911575154,-0.763896170680923,-9.60965438539958,-18.77211850477,0.18321208386656,-6.16222758304454,12.65210615664993,0.3624857927580905,0.556890864388787,57.28505038250901,Attacked,Played,None,0.853569030761719,0.7856826782226562,4.165247,-0.293184,-0.0938605925238498,0.0,-10.6,-15.2871734919971,0.500191441785565,0.500191441785565,-6.901446,-0.260143,0.235519,-8.840863,-0.195906,0.498899,-18.17319272137122,-10.05997680341973,-0.1551262701256566,0.5753783128410781,-1.456235996868751,1.314853582626015,-1.68113168279092e-01,-1.00000000000000e+00,KOTAMBI-STADIUM-VADODARA,2024-12-27,,R,R,R,West-Indies-Women,India-Women,Spin,1
1735,1,75,West Indies (Women),Chinelle Henry,Deepti Sharma,,20,3,0,0,0,0,0,0,1,0,0,0,0,0,0,0,0,,,0,19.3,1,1,0,569026,-89.5,70.5,0,0,,,Knuckleball,97.0,BACKFOOT PUSH,0,0,3,19,85,3,Outside Off stump,Good Length,0,0,1,0,0,0,0,0,45.43018646976976,0.8805155879036478,8.340618971060465,-0.5599237956556877,1.960998119998213,-0.14347065511686,-0.800607027437872,-10.1291993152411,-18.6511851651918,0.254577886757325,-6.26161532351581,13.46489632743464,0.2931105461546876,0.5999708785518857,70.68457716731409,Attacked,Played,None,0.966259002685547,0.9529037475585938,5.709697,-0.225911,-0.0932559258259592,0.0,-10.6,-15.6904867914575,0.902541743610536,0.902541743610536,-9.04815,0.048161,0.682578,-8.840653,0.03589,0.674285,-18.55804079792348,-10.05983989703186,0.1082123812875131,0.6949059304285885,-1.38420162645982,2.510110927935949,-1.45949103667760e-01,-1.00000000000000e+00,KOTAMBI-STADIUM-VADODARA,2024-12-27,,R,R,R,West-Indies-Women,India-Women,Spin,1
1735,1,75,West Indies (Women),Chinelle Henry,Deepti Sharma,,20,4,6,6,6,0,0,0,0,0,0,0,0,0,0,1,0,,,0,19.4,1,1,0,569028,19.0,238.5,6,0,,,Knuckleball,11.0,LOFTED ON DRIVE,0,0,4,19,91,3,Leg stump,Full Length,0,0,1,0,0,0,0,0,44.54918570812217,4.111515275394659,8.340823314402073,-0.5853037818872197,2.013928265502158,-0.137015767669813,-0.546648834784156,-9.97577414177796,-17.8120497970756,0.383445750154595,-6.44879237312939,14.04916962759037,0.2218292122115994,0.6013770712173893,78.02363946144845,Attacked,Played,None,0.969394683837891,0.867279052734375,3.550288,-0.112243,-0.0890602489853782,0.0,-10.6,-15.4977631208178,0.925242266871014,0.925242266871014,-7.71162,-0.040238,0.301255,-8.840801,0.027867,0.497283,-19.90261746723146,-10.05992548115502,0.1019026188054605,0.645225896992961,-1.11827267872337,2.183363781320592,-1.45405387738749e-01,7.50000000000000e+01,KOTAMBI-STADIUM-VADODARA,2024-12-27,,R,R,R,West-Indies-Women,India-Women,Spin,1
1735,1,75,West Indies (Women),Chinelle Henry,Deepti Sharma,,20,5,1,1,1,1,0,0,0,0,0,0,0,0,0,0,0,,,0,19.5,1,1,0,569029,-176.5,51.0,1,0,,,Knuckleball,36.0,CUT SHOT,0,0,5,19,92,3,Outside Off stump,Good Length,0,0,1,0,0,0,0,0,45.30519275856919,0.777380351498479,8.340663422366209,-0.5448117732394925,1.963908734870652,-0.141615621841918,-0.578762876828441,-9.4150012349141,-18.4100308394493,0.211341388727604,-6.03194417917623,14.95103141768425,0.3693054122589131,0.6513110878514331,70.76612195182366,Attacked,Played,None,0.974372863769531,0.9719009399414062,5.464932,-0.273402,-0.0920501541972467,0.0,-10.6,-14.7122886688332,0.775901868487251,0.775901868487251,-8.977777,-0.039037,0.738779,-8.84082,-0.04646,0.731339,-18.1410950799115,-10.05999521302976,0.01985182145959957,0.76341732557442,-1.037361475875126,2.361179538952445,-1.11342008481718e-01,-1.00000000000000e+00,KOTAMBI-STADIUM-VADODARA,2024-12-27,,R,R,R,West-Indies-Women,India-Women,Spin,1
1735,1,75,West Indies (Women),Shemaine Campbelle,Deepti Sharma,,20,6,0,0,0,0,0,0,1,0,0,0,0,0,0,0,0,,,0,19.6,1,1,0,569030,40.0,70.5,0,0,,,Knuckleball,49.0,FORWARD DEFENCE,0,0,6,19,92,3,Outside Off stump,Good Length,0,0,1,0,0,0,0,0,44.97719896780021,1.185873996090032,8.340871772118565,-0.5811392181044481,1.975305860410843,-0.141450047950709,-0.670897220599798,-9.41982243909658,-18.3885062335922,0.224022215347558,-6.06091894181684,14.87901061551995,0.3974261621761067,0.6325231804247817,65.1358608461066,Defended,Played,None,0.98895263671875,0.808868408203125,5.114306,-0.268256,-0.0919425311679609,0.0,-10.6,-14.4292679288854,0.903094253348405,0.903094253348405,-6.680637,-0.159065,0.420826,-8.840679,-0.021402,0.686696,-18.24240898550953,-10.06011767838212,0.05717583586620806,0.7280329121123074,-1.239340464089705,2.883353389850599,-1.36465248559518e-01,-1.00000000000000e+00,KOTAMBI-STADIUM-VADODARA,2024-12-27,,R,R,R,West-Indies-Women,India-Women,Spin,1
1735,1,75,West Indies (Women),Chinelle Henry,Tanuja Kanwar,,21,1,6,6,6,0,0,0,0,0,0,0,0,0,0,1,0,,,0,20.1,1,1,0,569031,57.5,232.0,6,0,,,Knuckleball,11.0,LOFTED ON DRIVE,0,0,1,20,98,3,Outside Off stump,Full Length,1,0,1,0,0,0,0,0,42.54426099552283,5.194482614824286,8.340712756024296,-0.8032428705021492,1.897816596057187,-0.130924715023421,0.839754326170626,-9.76941446763496,-17.0202129530447,0.656312295283489,-6.26404234599381,13.44132656519963,0.287069460662043,0.5432981054461175,62.78776975071332,Attacked,Played,None,1.02017211914062,0.9184341430664062,3.715472999999999,-0.547313,-0.0851010647652237,0.0,-10.6,-14.239748602591,0.714841773122723,0.714841773122723,-7.776164,-0.475135,0.330973,-8.84069,-0.42106,0.477123,-20.20540584267696,-10.06003829239902,-0.3586906669887647,0.5703654225921911,2.299486794465142,0.6655868060963157,2.79167245351155e-01,6.90000000000000e+01,KOTAMBI-STADIUM-VADODARA,2024-12-27,,R,R,L,West-Indies-Women,India-Women,Spin,1
1735,1,75,West Indies (Women),Chinelle Henry,Tanuja Kanwar,,21,2,0,0,0,0,0,0,1,0,0,0,0,0,0,0,0,,,0,20.2,1,1,0,569032,-37.5,26.0,0,0,,,Knuckleball,49.0,FORWARD DEFENCE,0,0,2,20,98,3,Outside Off stump,Good Length,0,0,1,0,0,0,0,0,43.422844,3.463946285662121,8.34101290076238,-0.7436711849289612,1.812720711923466,-0.134760718743586,1.06440610171149,-9.48638465828242,-17.5188934366662,0.977742018544493,-5.91573055591017,13.17903990544368,0.3749017406454731,0.5572566728535849,56.09832686349043,Defended,Played,None,1.02017211914062,0.9233436584472656,4.628582,-0.31023,-0.0875944671833312,0.0,-10.6,-14.0782055889573,0.633352762068837,0.633352762068837,-7.891756,-0.198688,0.456871,-8.840932,-0.155192,0.530066,-18.65865190699269,-10.05989379371813,-0.09894621806858281,0.5505922934723328,2.655065644561733,-0.6185090350651901,3.03625837749365e-01,-1.00000000000000e+00,KOTAMBI-STADIUM-VADODARA,2024-12-27,,R,R,L,West-Indies-Women,India-Women,Spin,1
1735,1,75,West Indies (Women),Chinelle Henry,Tanuja Kanwar,,21,3,1,1,1,1,0,0,0,0,0,0,0,0,0,0,0,,,0,20.3,1,1,0,569033,-68.5,178.0,1,0,,,Knuckleball,97.0,BACKFOOT PUSH,0,0,3,20,99,3,Off stump,Good Length,0,0,1,0,0,0,0,0,43.189969,2.815173016115344,8.34088230462422,-0.695654380758971,1.811517413353796,-0.134919810574307,1.15243926882839,-9.9700814428797,-17.5395753746599,1.33606585073645,-6.03006579373356,13.35779948993606,0.2160015453412272,0.6093684460575656,79.80511237451212,Attacked,Played,None,0.802059173583984,0.9940338134765625,5.526827,-0.042814,-0.350791507493197,0.0,-10.6,-15.4746188858454,0.778334649682267,0.778334649682267,-8.857973,0.186128,0.655319,-8.840719,0.185166,0.654623,-18.97285231889703,-10.06010402695288,0.2541979527067454,0.6634604746156907,2.782661334451674,-1.476648707277959,2.99040246270679e-01,-1.00000000000000e+00,KOTAMBI-STADIUM-VADODARA,2024-12-27,,R,R,L,West-Indies-Women,India-Women,Spin,1
1735,1,75,West Indies (Women),Shemaine Campbelle,Tanuja Kanwar,,21,4,0,0,0,0,0,0,1,0,0,0,0,0,0,0,0,,,0,20.4,1,1,0,569035,-10.5,33.0,0,0,,,Knuckleball,49.0,FORWARD DEFENCE,0,0,4,20,99,3,Outside Off stump,Good Length,0,0,1,0,0,0,0,0,46.28964048350939,1.595254344127751,8.340781196243022,-1.040179481401337,1.716901229239564,-0.144382130001223,1.15769351946857,-9.15982875165478,-18.7696769001589,1.25316015717784,-5.57076982968496,12.45911818433481,0.277548360930043,0.6443381566883302,78.89588741024521,Defended,Played,None,0.893383026123047,0.8611907958984375,5.175083,-0.459907,-0.0938483845007947,0.0,-10.6,-16.2458540808188,0.868593771279822,0.868593771279822,-7.946562,-0.29475,0.5319,-8.840919,-0.245943,0.603607,-16.53069149809402,-10.05987297706547,-0.1790051311591787,0.6475240710647525,2.500264281253244,-0.7592547918180114,2.75508877569511e-01,-1.00000000000000e+00,KOTAMBI-STADIUM-VADODARA,2024-12-27,,R,R,L,West-Indies-Women,India-Women,Spin,1
1735,1,75,West Indies (Women),Shemaine Campbelle,Tanuja Kanwar,,21,5,0,0,0,0,0,0,1,0,0,0,0,0,0,0,0,,,0,20.5,1,1,0,569037,-10.5,33.0,0,0,,,Knuckleball,74.0,STEP DOWN ON DRIVE,0,0,5,20,99,3,Outside Off stump,Good Length,0,0,1,0,0,0,0,0,46.362207,1.595254344127751,8.340781196243022,-1.300836818685404,1.716901229239564,-0.144382130001223,0.0,-9.15982875165478,-18.7696769001589,1.25316015717784,-5.57076982968496,12.45911818433481,0.277548360930043,0.6443381566883302,78.89588741024521,Defended,Missed,None,0.893383026123047,0.8611907958984375,5.175083,-0.459907,-0.0938483845007947,0.0,-10.6,-16.2458540808188,0.868593771279822,0.868593771279822,-999.9,-999.9,-999.9,-8.840919,-0.245943,0.603607,-16.53069149809402,-10.05987297706547,-0.1790051311591787,0.6475240710647525,0.3518123121159816,-0.7592547918180114,2.75508877569511e-01,-1.00000000000000e+00,KOTAMBI-STADIUM-VADODARA,2024-12-27,,R,R,L,West-Indies-Women,India-Women,Spin,1
1735,1,75,West Indies (Women),Shemaine Campbelle,Tanuja Kanwar,,21,6,1,1,1,1,0,0,0,0,0,0,0,0,0,0,0,,,0,20.6,1,1,0,569038,-152.0,77.0,1,0,,,Knuckleball,36.0,CUT SHOT,0,0,6,20,100,3,Outside Off stump,Good Length,0,1,2,0,0,1,0,0,46.12201258173162,1.204166655707722,8.340904892424746,-0.9004288441079166,1.700254791725881,-0.144473657187099,1.57212625091166,-9.34688861134423,-18.7815754343229,0.989694120831611,-5.58713123129204,12.57459393525427,0.2282352984117889,0.6655514217741921,87.00918342494992,Attacked,Played,None,0.939697265625,0.9251747131347656,5.722775,-0.589077,-0.0939078771716144,0.0,-10.6,-16.6704349639642,0.666529971555556,0.666529971555556,-8.961416,-0.401738,0.666895,-8.84097,-0.406681,0.661122,-16.56665574386053,-10.05994093271942,-0.3564977236592603,0.6926532344529764,3.080134636327347,-0.7267844385219399,3.25254193733857e-01,-1.00000000000000e+00,KOTAMBI-STADIUM-VADODARA,2024-12-27,,R,R,L,West-Indies-Women,India-Women,Spin,1
1735,1,75,West Indies (Women),Shemaine Campbelle,Deepti Sharma,,22,1,0 WK,W,0,0,0,0,1,0,0,0,0,0,0,0,1,Caught,WICKET,1,21.1,1,1,0,569042,48.0,179.5,0,0,,,Knuckleball,94.0,STEP DOWN LOFTED ON DRIVE,0,0,1,21,100,4,Outside Off stump,Good Length,1,0,2,0,0,0,0,0,45.32738834936448,1.824042268912502,8.34061420179166,-0.5859446841500997,1.994449830205864,-0.141170873964695,-0.67612306059469,-9.76149015622391,-18.3522136154103,0.0813265502106467,-6.21933196389113,14.52270044426085,0.4014453124558953,0.5977752711357425,59.52175942477186,None,None,None,0.974544525146484,0.808502197265625,4.831997,-0.361559,-0.0917610680770516,0.0,-10.6,-14.3520622285839,0.565369279262706,0.565369279262706,-6.731296,-0.302054,0.367115,-8.840913,-0.217566,0.637609,-18.72086657578975,-10.05995436680664,-0.1682122686170783,0.6860938141983174,-1.319780502349053,2.001979637528819,-1.48309332800714e-01,-1.00000000000000e+00,KOTAMBI-STADIUM-VADODARA,2024-12-27,,R,R,R,West-Indies-Women,India-Women,Spin,1
1735,1,75,West Indies (Women),Zaida James,Deepti Sharma,,22,2,0,0,0,0,0,0,1,0,0,0,0,0,0,0,0,,,0,21.2,1,1,0,569045,65.0,-8.5,0,0,,,Knuckleball,49.0,FORWARD DEFENCE,0,0,2,21,100,4,Leg stump,Good Length,2,0,2,0,0,0,0,0,44.25026020324467,1.277100917204354,8.341000298791496,-0.5002947504679035,1.979866188710566,-0.138641005337042,-0.741675279281478,-9.49320084206186,-18.0233306938154,0.531511427008467,-6.0890660848644,14.53612047242064,0.3547204430334239,0.6175953473710142,67.16725780230975,Defended,Played,None,1.00245666503906,0.998748779296875,5.390811,0.040892,-0.0901166534690771,0.0,-10.6,-14.503354645485,0.992810024124941,0.992810024124941,-9.113933,0.349432,0.694166,-8.84094,0.330231,0.683164,-18.66720820137853,-10.06005746957229,0.4162395597858099,0.7015495256615041,-1.318525990667953,2.226832081820132,-1.47166863261258e-01,-1.00000000000000e+00,KOTAMBI-STADIUM-VADODARA,2024-12-27,,L,R,R,West-Indies-Women,India-Women,Spin,1
1735,1,75,West Indies (Women),Zaida James,Deepti Sharma,,22,3,0,0,0,0,0,0,1,0,0,0,0,0,0,0,0,,,0,21.3,1,1,0,569047,44.5,108.5,0,0,,,Knuckleball,27.0,FORWARD PUSH,0,0,3,21,100,4,Off stump,Full Length,0,0,2,0,0,0,0,0,44.74040955641799,4.275166988268611,8.340694485273303,-0.5248994421026699,2.009203148522795,-0.13912652129237,-0.836925536119744,-9.83609882485546,-18.0864477680081,0.258135290438648,-6.41182907795929,15.05642777027769,0.437119272389805,0.5724634233200664,52.15758625902947,Defended,Played,None,0.964450836181641,0.8848342895507812,2.981780000000001,-0.045341,-0.0904322388400407,0.0,-10.6,-13.6448660906182,0.994954387066495,0.994954387066495,-8.155121,0.033466,0.293127,-8.840678,0.08393,0.423079,-19.5199326758536,-10.06011229136217,0.1742694282708995,0.587612034906848,-1.820953465699704,3.352817038678104,-2.30925950213990e-01,-1.00000000000000e+00,KOTAMBI-STADIUM-VADODARA,2024-12-27,,L,R,R,West-Indies-Women,India-Women,Spin,1
1735,1,75,West Indies (Women),Zaida James,Deepti Sharma,,22,4,0,0,0,0,0,0,1,0,0,0,0,0,0,0,0,,,0,21.4,1,1,0,569048,50.5,108.5,0,0,,,Knuckleball,27.0,FORWARD PUSH,0,0,4,21,100,4,Leg stump,Good Length,0,0,2,0,0,0,0,0,43.13659276481336,4.144965960044233,8.340879366978175,-0.4871053181599767,2.006259403917166,-0.132827820606797,-0.568884885463855,-9.59627763626369,-17.2676166788836,0.50776615441015,-6.30725613316915,15.0663183812029,0.3232551072101073,0.5971134951303615,67.2415135485435,Defended,Played,None,1.01252746582031,0.925689697265625,3.78141,0.103394,-0.0863380833944182,0.0,-10.6,-13.990659339535,0.887831325572039,0.887831325572039,-7.995342,0.212918,0.41842,-8.840936,0.267297,0.549119,-20.06547975613213,-10.06000880547199,0.3462027011265003,0.6680549582214914,-1.189148596471059,1.946719620898518,-1.43235436091074e-01,-1.00000000000000e+00,KOTAMBI-STADIUM-VADODARA,2024-12-27,,L,R,R,West-Indies-Women,India-Women,Spin,1
1735,1,75,West Indies (Women),Zaida James,Deepti Sharma,,22,5,0,0,0,0,0,0,1,0,0,0,0,0,0,0,0,,,0,21.5,1,1,0,569050,2.0,39.5,0,0,,,Knuckleball,49.0,FORWARD DEFENCE,0,0,5,21,100,4,Leg stump,Good Length,0,0,2,0,0,0,0,0,43.6310205590749,2.703133006739528,8.340966012296803,-0.5807281226227281,1.994602892809921,-0.136535190551781,-0.602580624188122,-9.40162105434414,-17.7495747717315,0.515746316527045,-6.13279282563976,13.78047567851933,0.3256578605419234,0.5825935255469272,64.82324277784676,Defended,Played,None,0.997787475585938,0.9000320434570312,4.3622,-0.023403,-0.0887478738586574,0.0,-10.6,-14.5677745138058,0.912459934429239,0.912459934429239,-7.853508,0.112515,0.454823,-8.84093,0.175378,0.567039,-19.06093880591756,-10.06009436843719,0.2535277815793786,0.6363935694432085,-1.15447816114491,1.91970281835228,-1.33844121868269e-01,-1.00000000000000e+00,KOTAMBI-STADIUM-VADODARA,2024-12-27,,L,R,R,West-Indies-Women,India-Women,Spin,1
1735,1,75,West Indies (Women),Zaida James,Deepti Sharma,,22,6,0,0,0,0,0,0,1,0,0,0,0,0,0,0,0,,,0,21.6,1,1,0,569052,92.5,11.0,0,0,,,Knuckleball,36.0,CUT SHOT,0,0,6,21,100,4,Middle stump,Good Length,0,0,2,0,0,0,0,0,45.7231073518029,2.325756166517905,8.34061430812881,-0.5198919910045305,1.981576354731362,-0.141270042222943,-0.898609767091504,-9.5165125597883,-18.3651054889825,0.853261942975536,-6.14165562132415,12.15466566674606,0.340972172649514,0.5300197938448418,55.40575181177487,Attacked,Played,None,0.947067260742188,0.9748077392578125,4.231796,0.345881,-0.0918255274449127,0.0,-10.6,-15.1137778850226,1.42546206702487,1.42546206702487,-9.453065,0.691582,0.513437,-8.840919,0.632659,0.476086,-18.49095752050016,-10.05985919244061,0.7502114428320101,0.5326241830018481,-1.583720093270159,2.727827697104565,-1.93871954235605e-01,-1.00000000000000e+00,KOTAMBI-STADIUM-VADODARA,2024-12-27,,L,R,R,West-Indies-Women,India-Women,Spin,1
1735,1,75,West Indies (Women),Chinelle Henry,Renuka Singh,,23,1,0,0,0,0,0,0,1,0,0,0,0,0,0,0,0,,,0,22.1,1,1,0,569055,-32.5,37.0,0,0,,,Knuckleball,50.0,BACKFOOT DEFENCE,0,0,1,22,100,4,Outside Off stump,Good Length,1,0,2,0,0,0,0,0,59.43145110833477,-3.285778903653366,8.340662870369883,-1.087526371358677,1.84893369819761,-0.18607271388129,1.75096821403847,-8.75468488530018,-24.1894528045677,1.68647772835021,-5.83585514063362,7.660219218469914,0.230578498684893,0.511364905215572,63.6468859138465,Defended,Played,None,0.721206665039062,0.7075538635253906,5.918075,-0.469093,-0.120947264022838,0.0,-10.6,-22.1880119685193,1.08336673380126,1.08336673380126,-8.846847,-0.23637,0.432653,-8.840909,-0.236668,0.432458,-13.56376812164381,-10.0602119367038,-0.1753588505098946,0.4556715770137531,2.20862867676396,-1.192840183363008,2.46200976120999e-01,-1.00000000000000e+00,KOTAMBI-STADIUM-VADODARA,2024-12-27,,R,L,R,West-Indies-Women,India-Women,Seam,1
1735,1,75,West Indies (Women),Chinelle Henry,Renuka Singh,,23,2,0,0,0,0,0,0,1,0,0,0,0,0,0,0,0,,,0,22.2,1,1,0,569056,-32.5,37.0,0,0,,,Knuckleball,36.0,CUT SHOT,0,0,2,22,100,4,Outside Off stump,Good Length,0,0,2,0,0,0,0,0,60.100061,-3.176426826287815,8.340646284645988,-0.958070867902315,1.825668800700812,-0.187905155550105,-0.0163900197807671,-8.58581211872371,-24.4276702215136,0.839195249138339,-5.7429695587464,10.07358408465095,0.2523984192163573,0.6798700986568271,86.74067287688834,Attacked,Missed,None,0.802059173583984,0.7596702575683594,5.712994,-0.540163,-0.122138351107568,0.0,-10.6,-21.9782741542205,1.1256584449068,1.1256584449068,-999.9,-999.9,-999.9,-8.840686,-0.307088,0.615114,-13.23003478090855,-10.06017739322813,-0.2428064244469719,0.6954633236874959,0.1574950444003333,0.9643667384870024,1.69363846587944e-02,-1.00000000000000e+00,KOTAMBI-STADIUM-VADODARA,2024-12-27,,R,L,R,West-Indies-Women,India-Women,Seam,1
1735,1,75,West Indies (Women),Chinelle Henry,Renuka Singh,,23,3,0,0,0,0,0,0,1,0,0,0,0,0,0,0,0,,,0,22.3,1,1,0,569057,-46.5,124.0,0,0,,,Knuckleball,97.0,BACKFOOT PUSH,0,0,3,22,100,4,Outside Off stump,Good Length,0,0,2,0,0,0,0,0,59.727129,-5.528014103578589,8.340681016264902,-1.071294397168648,1.815281540915568,-0.189120507501863,0.660676699832493,-8.79688034865434,-24.5856659752422,1.24736783791431,-6.15912733018938,7.254754485117724,0.1989906025260318,0.4708652097794117,60.73072121430858,Attacked,Played,None,,0.7122573852539062,7.973538,-0.617393,-0.175611899823158,0.0,-10.6,-22.7816953879595,1.2245763516187,1.2245763516187,-8.836815,-0.244762,0.426368,-8.840769,-0.244538,0.426309,-14.06411963014511,-10.06001275627086,-0.1750560187865104,0.3906730580520982,0.7958028424422169,0.1723947673465537,6.99313504300037e-02,-1.00000000000000e+00,KOTAMBI-STADIUM-VADODARA,2024-12-27,,R,L,R,West-Indies-Women,India-Women,Seam,1
1735,1,75,West Indies (Women),Chinelle Henry,Renuka Singh,,23,4,0,0,0,0,0,0,1,0,0,0,0,0,0,0,0,,,0,22.4,1,1,0,569059,-20.5,49.5,0,0,,,Knuckleball,50.0,BACKFOOT DEFENCE,0,0,4,22,100,4,Outside Off stump,Good Length,0,0,2,0,0,0,0,0,59.253598,-3.572982007933397,8.340753685547817,-1.080740146851754,1.849131749252571,-0.185654745268569,1.26669399775328,-8.53003673679919,-24.135116884914,1.68504977076459,-5.79652753945538,8.534907751303528,0.2342956082944317,0.569424439028931,71.9841050248965,Defended,Played,None,,0.7036056518554688,6.120841,-0.411206,-0.1723936920351,0.0,-10.6,-21.9937242340592,1.73982013870515,1.73982013870515,-8.632617,-0.032927,0.506201,-8.840938,-0.015804,0.51549,-13.50493490647143,-10.059983747145,0.08498401068670708,0.5493575114024586,1.675842733474008,0.5292226206607763,1.69516970281320e-01,-1.00000000000000e+00,KOTAMBI-STADIUM-VADODARA,2024-12-27,,R,L,R,West-Indies-Women,India-Women,Seam,1
1735,1,75,West Indies (Women),Chinelle Henry,Renuka Singh,,23,5,1,1,1,1,0,0,0,0,0,0,0,0,0,0,0,,,0,22.5,1,1,0,569061,27.5,189.5,1,0,,,Knuckleball,27.0,FORWARD PUSH,0,0,5,22,101,4,Outside Off stump,Full Length,0,0,2,0,0,0,0,0,60.30252944855928,-2.252048225552467,8.341001134886973,-0.9816009971783828,1.839451527735403,-0.18844786715103,0.388913282303756,-8.94314572427418,-24.4982227296339,1.25427430623923,-5.77615214618011,9.179154234754693,0.2462769942025978,0.6204133062020917,78.43429651005397,Attacked,Played,None,0.710197448730469,0.6468429565429688,4.830229,-0.374707,-0.174987305211671,0.0,-10.6,-22.1769455167547,1.46403975219556,1.46403975219556,-7.861966,-0.199109,0.390983,-8.840749,-0.132862,0.484759,-13.26680967189096,-10.06009251372683,-0.04959130103234127,0.5718459431743048,0.7097932125089004,0.8460708762963807,7.92128000839912e-02,-1.00000000000000e+00,KOTAMBI-STADIUM-VADODARA,2024-12-27,,R,L,R,West-Indies-Women,India-Women,Seam,1
1735,1,75,West Indies (Women),Zaida James,Renuka Singh,,23,6,1,1,1,1,0,0,0,0,0,0,0,0,0,0,0,,,0,22.6,1,1,0,569063,-142.0,18.0,1,0,,,Knuckleball,40.0,FRONTFOOT FLICK,0,0,6,22,102,4,Leg stump,Good Length,0,0,2,0,0,0,0,0,58.97827244636114,-2.469595756225079,8.340593035439731,-0.9772974731464679,1.839933517412524,-0.184445567985753,-0.564229516570955,-9.32891271671689,-23.9779238381479,1.12355918451246,-5.90676483326596,10.14065146290548,0.2993105964862595,0.6385374498507083,75.8495578289803,Attacked,Played,None,0.737342834472656,0.6830291748046875,5.542685,-0.329,-0.171270884558199,0.0,-10.6,-21.0874798736103,0.916090079612759,0.916090079612759,-8.084912,-0.171725,0.530479,-8.840819,-0.1378,0.595495,-13.83880406732104,-10.05979323018778,-0.08263391152217645,0.6701761306955354,-0.3847549604323644,-0.1953068107602465,-4.13912393573985e-02,-1.00000000000000e+00,KOTAMBI-STADIUM-VADODARA,2024-12-27,,L,R,R,West-Indies-Women,India-Women,Seam,1
1735,1,75,West Indies (Women),Zaida James,Deepti Sharma,,24,1,0,0,0,0,0,0,1,0,0,0,0,0,0,0,0,,,0,23.1,1,1,0,569065,62.0,47.0,0,0,,,Knuckleball,97.0,BACKFOOT PUSH,0,0,1,23,102,4,Off stump,Good Length,1,0,2,0,0,0,0,0,44.57358389355479,0.5536659439133208,8.340872206296762,-0.4987375579223682,1.972963085950304,-0.141866556774244,-0.392000957035065,-9.34407301591935,-18.4426523806517,0.66863905721711,-6.01121888428676,11.53769541007213,0.4003776032575138,0.5018083019053231,45.2334849600471,Attacked,Played,None,0.99041748046875,0.9767532348632812,5.554012,0.031912,-0.131733231290369,0.0,-10.6,-14.7767022390285,1.37222753197257,1.37222753197257,-9.029613,0.4607,0.466529,-8.840871,0.442452,0.469525,-18.05291920845615,-10.06003578517253,0.5608912589658318,0.4166796635447528,-0.5484753791233835,3.229162726667432,-6.66978923473152e-02,-1.00000000000000e+00,KOTAMBI-STADIUM-VADODARA,2024-12-27,,L,R,R,West-Indies-Women,India-Women,Spin,1
1735,1,75,West Indies (Women),Zaida James,Deepti Sharma,,24,2,0,0,0,0,0,0,1,0,0,0,0,0,0,0,0,,,0,23.2,1,1,0,569066,51.5,52.5,0,0,,,Knuckleball,97.0,BACKFOOT PUSH,0,0,2,23,102,4,Leg stump,Good Length,0,0,2,0,0,0,0,0,44.76577878746112,0.8250973932673207,8.340694786874128,-0.5100306341606883,1.981381118489778,-0.141039745333736,-0.701418431044395,-9.42300007518985,-18.3351668933857,0.47072716787547,-6.06042099019762,13.24638581389253,0.3532131764250837,0.5797865352096245,61.64666263893533,Attacked,Played,None,0.988414764404297,0.9845352172851562,5.436979,-0.033471,-0.130965477809898,0.0,-10.6,-14.9265851048331,0.991588552908254,0.991588552908254,-9.165705,0.274483,0.61703,-8.840807,0.252037,0.609294,-18.2905470630689,-10.06000049612371,0.3366122869444511,0.6101167541729653,-1.208281046564156,2.329976048423387,-1.29946825034732e-01,-1.00000000000000e+00,KOTAMBI-STADIUM-VADODARA,2024-12-27,,L,R,R,West-Indies-Women,India-Women,Spin,1
1735,1,75,West Indies (Women),Zaida James,Deepti Sharma,,24,3,0,0,0,0,0,0,1,0,0,0,0,0,0,0,0,,,0,23.3,1,1,0,569068,15.5,-28.5,0,0,,,Knuckleball,49.0,FORWARD DEFENCE,0,0,3,23,102,4,Leg stump,Good Length,0,0,2,0,0,0,0,0,43.37488562548248,3.100507882601869,8.340781727842536,-0.5862964896109224,2.008441426934285,-0.13526538665784,-0.761397937231432,-9.87203909985326,-17.5845002655193,0.394804604438138,-6.32653587621349,16.04772949346271,0.4646476108646445,0.5840551381898305,51.14350964201012,Attacked,Edged,None,1.0338134765625,0.9329452514648438,4.566811,-0.07836,-0.125603573325138,0.0,-10.6,-12.8457591364231,1.49471082490088,1.49471082490088,-7.846515,0.198669,0.540278,-8.84088,0.31769,0.644465,-19.78767160283398,-10.06002995420244,0.4652595824303132,0.68031633548618,-1.55049798550466,5.350813844219279,-1.77442537705538e-01,-1.00000000000000e+00,KOTAMBI-STADIUM-VADODARA,2024-12-27,,L,R,R,West-Indies-Women,India-Women,Spin,1
1735,1,75,West Indies (Women),Zaida James,Deepti Sharma,,24,4,0 WK,W,0,0,0,0,1,0,0,0,0,0,0,0,1,Caught,WICKET,1,23.4,1,1,0,569070,13.0,-39.5,0,0,,,Knuckleball,51.0,FRONTFOOT COVERDRIVE,0,0,4,23,102,5,Off stump,Good Length,1,0,2,0,0,0,0,0,44.59130320432991,3.18091782015083,8.340965827465212,-0.3817172209397081,1.983669346928302,-0.137919232722116,-0.548147706681429,-9.49814322998763,-17.929500253875,0.644589215446578,-6.18654491973923,15.96260018743596,0.4094484284959145,0.6360286370730445,64.45945271136523,None,None,None,0.982955932617188,0.8994941711425781,3.875973,0.274952,-0.12806785895625,0.0,-10.6,-13.7562304415687,1.05865723906498,1.05865723906498,-7.978135,0.41419,0.459326,-8.840689,0.481975,0.600275,-19.03691117016717,-10.06011805702058,0.5787648853375412,0.7262066438046966,-1.000988605755635,2.341744106868744,-1.19736392698733e-01,-1.00000000000000e+00,KOTAMBI-STADIUM-VADODARA,2024-12-27,,L,R,R,West-Indies-Women,India-Women,Spin,1
1735,1,75,West Indies (Women),Aaliyah Alleyne,Deepti Sharma,,24,5,0,0,0,0,0,0,1,0,0,0,0,0,0,0,0,,,0,23.5,1,1,0,569072,-39.0,16.0,0,0,,,Knuckleball,50.0,BACKFOOT DEFENCE,0,0,5,23,102,5,Outside Off stump,Good Length,2,0,2,0,0,0,0,0,48.04698352335611,1.296359286230747,8.34101375652181,-0.5117228611715631,1.973222914359982,-0.14869421961818,-0.46230267704685,-9.2111068838142,-19.3302485503634,0.352594272566028,-5.99507055467356,12.44129554749694,0.3469745542239182,0.5889363343956029,63.64299473694861,Defended,Played,None,0.868789672851562,0.8742256164550781,4.063744,-0.149219,-0.138073203931167,0.0,-10.6,-16.0036055701557,0.888645959357224,0.888645959357224,-8.695282,0.002425,0.48324,-8.840977,0.010713,0.498839,-17.23071961414541,-10.05990903213814,0.0804774241539343,0.5935897322666412,-0.7640424724849252,2.133257753837105,-9.02758199348819e-02,-1.00000000000000e+00,KOTAMBI-STADIUM-VADODARA,2024-12-27,,R,R,R,West-Indies-Women,India-Women,Spin,1
1735,1,75,West Indies (Women),Aaliyah Alleyne,Deepti Sharma,,24,6,1,1,1,1,0,0,0,0,0,0,0,0,0,0,0,,,0,23.6,1,1,0,569075,124.5,-10.0,1,0,,,Knuckleball,40.0,FRONTFOOT FLICK,0,0,6,23,103,5,Outside Off stump,Good Length,0,0,2,0,0,0,0,0,44.50436799399306,0.9187887718844931,8.340968307005106,-0.5512230507489908,1.984223955274547,-0.139229631279441,-0.449780444152091,-9.49573262191503,-18.0998520663274,0.273483560844449,-6.09198994116227,13.16353137633692,0.2934142572914034,0.5850285764307481,68.41286073547188,Attacked,Played,None,0.951198577880859,0.9742927551269531,5.588438,-0.26408,-0.129284657616624,0.0,-10.6,-15.2387634745257,0.955923081613812,0.955923081613812,-8.943371,0.021895,0.62729,-8.840812,0.015211,0.624284,-18.60203803029521,-10.06009980871324,0.0950703645354738,0.6263076312222928,-0.7969415910377992,2.723787013174464,-8.47012629110696e-02,-1.00000000000000e+00,KOTAMBI-STADIUM-VADODARA,2024-12-27,,R,R,R,West-Indies-Women,India-Women,Spin,1
1735,1,75,West Indies (Women),Aaliyah Alleyne,Renuka Singh,,25,1,0,0,0,0,0,0,1,0,0,0,0,0,0,0,0,,,0,24.1,1,1,0,569079,-19.0,49.5,0,0,,,Knuckleball,40.0,FRONTFOOT FLICK,0,0,1,24,103,5,Outside Off stump,Good Length,1,0,2,0,0,0,0,0,58.807115,-2.543275360271708,8.340590082100832,-0.9091403562701819,1.841915884123823,-0.171568269717658,0.0,-9.09723311714242,-24.0195577604722,1.14335251641277,-5.84884223086972,10.60319804438274,0.303372718816836,0.6740110066410117,80.76437911446814,Attacked,Edged,None,0.737342834472656,0.6829833984375,5.47232,-0.320521,-0.14953988555686,0.0,-10.6,-21.0583733761941,0.872110382376782,0.872110382376782,-999.9,-999.9,-999.9,-8.840848,-0.141666,0.621942,-13.68537556035226,-10.06004189802314,-0.08936788848165425,0.7089232476399879,0.2300849299264977,-0.353784175964421,-8.47012629110696e-02,-1.00000000000000e+00,KOTAMBI-STADIUM-VADODARA,2024-12-27,,R,R,R,West-Indies-Women,India-Women,Seam,1
1735,1,75,West Indies (Women),Aaliyah Alleyne,Renuka Singh,,25,2,0,0,0,0,0,0,1,0,0,0,0,0,0,0,0,,,0,24.2,1,1,0,569081,-52.5,-22.0,0,0,,,Knuckleball,27.0,FORWARD PUSH,0,0,2,24,103,5,Outside Off stump,Full Length,0,0,2,0,0,0,0,0,61.90456969589184,-1.525724725956395,8.340660169400202,-0.9859862969171179,1.835455748500555,-0.191047804162956,-0.217868924483073,-8.88806683932609,-24.8362145411843,1.14078110894455,-5.70277228223365,10.69616006843537,0.2592867142997085,0.7381523471051111,94.79418063579584,Defended,Edged,None,0.692974090576172,0.6586990356445312,3.754063,-0.314492,-0.17740153243703,0.0,-10.6,-22.2864141764558,0.51117312351969,0.51117312351969,-8.512539,-0.26343,0.404031,-8.840847,-0.255755,0.450142,-12.93182285809304,-10.06003545440465,-0.2270732305433039,0.6013111470667929,0.01402886138006033,-1.315934497058432,2.33640154040826e-03,-1.00000000000000e+00,KOTAMBI-STADIUM-VADODARA,2024-12-27,,R,R,R,West-Indies-Women,India-Women,Seam,1
1735,1,75,West Indies (Women),Aaliyah Alleyne,Renuka Singh,,25,3,0,0,0,0,0,0,1,0,0,0,0,0,0,0,0,,,0,24.3,1,1,0,569082,41.0,122.5,0,0,,,Knuckleball,27.0,FORWARD PUSH,0,0,3,24,103,5,Off stump,Full Length,0,0,2,0,0,0,0,0,61.39973636658855,-1.686830445319444,8.340896707598343,-0.9752006679459287,1.852230543337788,-0.19065879656569,0.640278168228712,-8.93960080003578,-24.7856435535397,1.74444052161409,-5.7510662031181,8.720357067248642,0.2565483372027291,0.5988913963228483,74.17887572815434,Attacked,Played,None,0.704200744628906,0.6462936401367188,3.956735999999999,-0.108979,-0.177040311096712,0.0,-10.6,-22.455004872032,1.21605926005287,1.21605926005287,-8.189744,0.004955,0.315291,-8.84064,0.040888,0.383091,-13.06329913549915,-10.06008403409153,0.1087176778811401,0.4858517254512859,1.135181378364762,-0.9260540340122291,1.40321133827056e-01,-1.00000000000000e+00,KOTAMBI-STADIUM-VADODARA,2024-12-27,,R,R,R,West-Indies-Women,India-Women,Seam,1
1735,1,75,West Indies (Women),Aaliyah Alleyne,Renuka Singh,,25,4,0,0,0,0,0,0,1,0,0,0,0,0,0,0,0,,,0,24.4,1,1,0,569083,-13.5,28.0,0,0,,,Knuckleball,50.0,BACKFOOT DEFENCE,0,0,4,24,103,5,Outside Off stump,Good Length,0,0,2,0,0,0,0,0,61.01282912875698,-4.852250661977949,8.340527096331435,-0.9994595721520172,1.817100584492116,-0.192462890624028,1.36404810950092,-8.73065680528116,-25.0201757811237,1.53267677452411,-6.02844918861013,11.03949478449402,0.2794311479153398,0.7165810781148003,89.54404692568608,Defended,Played,None,0.713973999023438,0.7151870727539062,7.28177,-0.469924,-0.17871554129374,0.0,-10.6,-22.1423188840251,1.21141206223466,1.21141206223466,-9.010311,-0.120091,0.845753,-8.84077,-0.129851,0.835268,-13.546837712365,-10.06013978491804,-0.05934125820557284,0.8955506337807083,1.499974924145997,-0.3738784561393954,1.40114386357335e-01,-1.00000000000000e+00,KOTAMBI-STADIUM-VADODARA,2024-12-27,,R,R,R,West-Indies-Women,India-Women,Seam,1
1735,1,75,West Indies (Women),Aaliyah Alleyne,Renuka Singh,,25,5,1,1,1,1,0,0,0,0,0,0,0,0,0,0,0,,,0,24.5,1,1,0,569085,71.0,-111.0,1,0,,,Knuckleball,27.0,FORWARD PUSH,0,0,5,24,104,5,Outside Off stump,Good Length,0,0,2,0,0,0,0,0,60.7323423113732,-1.892034819331857,8.34077407959628,-0.9665646136900573,1.835280886240883,-0.190020231501865,-0.559086696696814,-9.47457567860964,-24.7026300952424,1.10953017089387,-5.90228155619646,7.050717712755462,0.2310369344565434,0.4752408059138655,58.18242744142549,Attacked,Edged,None,0.702587127685547,0.6630134582519531,4.687969,-0.303157,-0.17644735782316,0.0,-10.6,-22.6789503775918,1.29389127822343,1.29389127822343,-8.403431,-0.128136,0.322235,-8.840828,-0.102534,0.347291,-13.43793191360582,-10.06014777575734,-0.03068828014188646,0.3954405293141988,-0.3726368592085929,0.6935906011819751,-4.18794429254934e-02,-1.00000000000000e+00,KOTAMBI-STADIUM-VADODARA,2024-12-27,,R,R,R,West-Indies-Women,India-Women,Seam,1
1735,1,75,West Indies (Women),Chinelle Henry,Renuka Singh,,25,6,0,0,0,0,0,0,1,0,0,0,0,0,0,0,0,,,0,24.6,1,1,0,569087,-24.5,135.5,0,0,,,Knuckleball,84.0,FRONTFOOT OFF DRIVE,0,0,6,24,104,5,Outside Off stump,Full Length,0,0,2,0,0,0,0,0,60.8606901620449,-1.406414391405092,8.340697612297099,-0.9830454573371409,1.859386789421107,-0.187756471405653,0.611103736948955,-8.81018557318318,-24.4083412827348,1.52127952985987,-5.70187312772463,8.843342198799627,0.2355677440367538,0.606913941137744,77.48031676698622,Attacked,Played,None,0.705230712890625,0.6478271484375,3.676302,-0.213469,-0.174345294876677,0.0,-10.6,-22.2424643797289,1.56327283348838,1.56327283348838,-8.070864,-0.094098,0.272887,-8.840624,-0.039104,0.359593,-13.14869974863376,-10.05989089561305,0.04870146778735332,0.470835606363524,1.09660169289143,0.4539070261299879,1.34405637178078e-01,-1.00000000000000e+00,KOTAMBI-STADIUM-VADODARA,2024-12-27,,R,R,R,West-Indies-Women,India-Women,Seam,1
1735,1,75,West Indies (Women),Aaliyah Alleyne,Deepti Sharma,,26,1,0,0,0,0,0,0,1,0,0,0,0,0,0,0,0,,,0,25.1,1,1,0,569091,-24.5,135.5,0,0,,,Knuckleball,40.0,FRONTFOOT FLICK,0,0,1,25,104,5,Outside Off stump,Good Length,1,0,2,0,0,0,0,0,45.4219297378656,1.810082844928539,8.340594901111661,-0.566489582249484,1.981147312580629,-0.141841808743426,-0.83763480371482,-9.36171552542708,-18.4394351366454,0.412436499649557,-6.07129174995224,10.13083279689338,0.3503670353272893,0.4514253247223113,42.67709517561777,Defended,Missed,None,0.971099853515625,0.8966217041015625,4.474913,-0.05502,-0.131710250976039,0.0,-10.6,-15.3385838473162,0.743716595361385,0.743716595361385,-8.301342,0.078242,0.355619,-8.840787,0.105087,0.379084,-18.22443153689283,-10.05997145077095,0.1662307101618872,0.3809781744835551,-1.560510283572713,1.494580416732535,-1.93356735465713e-01,-1.00000000000000e+00,KOTAMBI-STADIUM-VADODARA,2024-12-27,,R,R,R,West-Indies-Women,India-Women,Spin,1
1735,1,75,West Indies (Women),Aaliyah Alleyne,Deepti Sharma,,26,2,0,0,0,0,0,0,1,0,0,0,0,0,0,0,0,,,0,25.2,1,1,0,569093,-56.0,35.0,0,0,,,Knuckleball,27.0,FORWARD PUSH,0,0,2,25,104,5,Outside Off stump,Good Length,0,0,2,0,0,0,0,0,45.8725661999155,2.626654983308657,8.340587902371823,-0.5797709732887979,2.01058273393848,-0.142194234211955,-0.656655968817455,-9.20548671213148,-18.4852504475542,0.0257446145774279,-6.10548330548553,15.79643425592253,0.432207988424625,0.6523502435409894,64.6317376886859,Defended,Played,None,0.945968627929688,0.8805198669433594,3.441661,-0.36742,-0.132037503196816,0.0,-10.6,-14.0786621758193,1.14298159972918,1.14298159972918,-8.218965,-0.236487,0.421146,-8.840803,-0.185081,0.534945,-18.27784453760006,-10.06004840884189,-0.08339454322938589,0.6968985627934132,-1.38955942250905,4.561604062217021,-1.71274205475071e-01,-1.00000000000000e+00,KOTAMBI-STADIUM-VADODARA,2024-12-27,,R,R,R,West-Indies-Women,India-Women,Spin,1
1735,1,75,West Indies (Women),Aaliyah Alleyne,Deepti Sharma,,26,3,0,0,0,0,0,0,1,0,0,0,0,0,0,0,0,,,0,25.3,1,1,0,569094,-92.5,68.5,0,0,,,Knuckleball,27.0,FORWARD PUSH,0,0,3,25,104,5,Outside Off stump,Good Length,0,0,2,0,0,0,0,0,43.76737891187575,2.982728772407507,8.34072249769575,-0.6221890817200395,2.000575196967941,-0.136700974681154,-0.50634227427775,-9.38441135717748,-17.77112670855,0.127573589287704,-6.15208439197886,13.10660514483717,0.334961302074525,0.5511009928045149,59.16901871322474,Attacked,Played,None,0.986663818359375,0.9054107666015625,4.067249,-0.376374,-0.126936619346786,0.0,-10.6,-14.5618564652895,0.623881263486743,0.623881263486743,-8.017635,-0.288846,0.411687,-8.840836,-0.252812,0.503937,-19.09504823581715,-10.0601175462084,-0.1989494363428128,0.5758940556695769,-1.083827316289636,2.04195071297053,-1.28235636583195e-01,-1.00000000000000e+00,KOTAMBI-STADIUM-VADODARA,2024-12-27,,R,R,R,West-Indies-Women,India-Women,Spin,1
1735,1,75,West Indies (Women),Aaliyah Alleyne,Deepti Sharma,,26,4,0,0,0,0,0,0,1,0,0,0,0,0,0,0,0,,,0,25.4,1,1,0,569095,-49.0,27.0,0,0,,,Knuckleball,50.0,BACKFOOT DEFENCE,0,0,4,25,104,5,Outside Off stump,Good Length,0,0,2,0,0,0,0,0,43.32960906382122,2.372841558604293,8.340746554646081,-0.5943335443646416,2.001984682198147,-0.137263910709883,-0.659800093463458,-9.59967786829842,-17.8443083922847,-0.110093670340904,-6.19556828116881,14.69422569301756,0.4607612718242797,0.5651037878920029,48.68944100137246,Defended,Played,None,1.02692413330078,0.993896484375,4.68868,-0.498696,-0.127459345659177,0.0,-10.6,-13.3510301720869,0.829612840642808,0.829612840642808,-8.828993,-0.280215,0.591952,-8.840812,-0.279456,0.592597,-19.14707113854675,-10.0600128548824,-0.2006257238856087,0.6112486239161687,-1.433607759277878,3.909193581413476,-1.62804812570763e-01,-1.00000000000000e+00,KOTAMBI-STADIUM-VADODARA,2024-12-27,,R,R,R,West-Indies-Women,India-Women,Spin,1
1735,1,75,West Indies (Women),Aaliyah Alleyne,Deepti Sharma,,26,5,0,0,0,0,0,0,1,0,0,0,0,0,0,0,0,,,0,25.5,1,1,0,569098,-81.5,27.0,0,0,,,Knuckleball,50.0,BACKFOOT DEFENCE,0,0,5,25,104,5,Outside Off stump,Good Length,0,0,2,0,0,0,0,0,44.90133393797439,1.623426360250876,8.340868443128407,-0.5748772916406975,1.973702019262087,-0.141733015551025,-0.716516046416676,-9.66122117612156,-18.4252920216333,0.0260872138014019,-6.14194266575289,13.45031966449286,0.4317631930090862,0.5562728316112794,50.26460544078329,Defended,Played,None,0.988552093505859,0.984832763671875,4.935597,-0.383499,-0.131609228725952,0.0,-10.6,-14.2857036114384,0.599697636797846,0.599697636797846,-9.181646,-0.209916,0.58347,-8.840844,-0.224754,0.571605,-18.43544882669762,-10.06002567759317,-0.1714488046973015,0.5840120200703991,-1.396016504403994,2.32267905595007,-1.56715880113616e-01,-1.00000000000000e+00,KOTAMBI-STADIUM-VADODARA,2024-12-27,,R,R,R,West-Indies-Women,India-Women,Spin,1
1735,1,75,West Indies (Women),Aaliyah Alleyne,Deepti Sharma,,26,6,0,0,0,0,0,0,1,0,0,0,0,0,0,0,0,,,0,25.6,1,1,0,569100,4.0,39.0,0,0,,,Knuckleball,50.0,BACKFOOT DEFENCE,0,0,6,25,104,5,Outside Off stump,Good Length,0,0,2,0,0,0,0,0,41.81873763281411,5.181926015509233,8.340664990557698,-0.5899130306218735,2.029926114007262,-0.128762515320312,-0.479638709480613,-9.99987463000171,-16.7391269916406,0.212134920640199,-6.5319999458606,18.69288404852951,0.4365284917940845,0.6237462329016376,59.90908575583719,Defended,Played,None,1.07303237915039,1.053497314453125,3.887217,-0.253518,-0.119565192797433,0.0,-10.6,-12.0419559324927,1.28680166083583,1.28680166083583,-8.922662,0.04442,0.698157,-8.840859,0.035437,0.686589,-21.31689548560679,-10.05996181328053,0.1700938035280258,0.8058251190382212,-1.140380287334164,5.373401842857088,-1.36006793329655e-01,-1.00000000000000e+00,KOTAMBI-STADIUM-VADODARA,2024-12-27,,R,R,R,West-Indies-Women,India-Women,Spin,1
1735,1,75,West Indies (Women),Chinelle Henry,Renuka Singh,,27,1,1,1,1,1,0,0,0,0,0,0,0,0,0,0,0,,,0,26.1,1,1,0,569103,57.0,17.5,1,0,,,Knuckleball,97.0,BACKFOOT PUSH,0,0,1,26,105,5,,,1,0,2,0,0,0,0,0,61.64359911552789,-1.883449601132585,8.340571764729631,-0.9372997947515882,1.858202084077951,-0.192469943537618,0.398657661103665,-8.94410594679913,-25.0210926598904,1.62275660450159,-5.77670338176368,8.811581820877915,0.2883101347789932,0.5993017694113218,71.06425193379896,Defended,Edged,None,0.701992034912109,0.6421394348144531,4.058629,-0.113896,-0.178722090427789,0.0,-10.6,-22.3332241439947,1.85404929458358,1.85404929458358,-8.180076,0.06857,0.328746,-8.840766,0.124543,0.396938,-13.00028040390256,-10.06003926848399,0.2286379034378363,0.4980666112632499,0.813534735910786,1.034920228994073,9.75231805913457e-02,-1.00000000000000e+00,KOTAMBI-STADIUM-VADODARA,2024-12-27,,R,R,R,West-Indies-Women,India-Women,Seam,1
1735,1,75,West Indies (Women),Aaliyah Alleyne,Renuka Singh,,27,2,1,1,1,1,0,0,0,0,0,0,0,0,0,0,0,,,0,26.2,1,1,0,569105,-55.5,-123.5,1,0,,,Knuckleball,50.0,BACKFOOT DEFENCE,0,0,2,26,106,5,Outside Off stump,Good Length,0,0,2,0,0,0,0,0,61.6214902016262,-3.834834720818092,8.340614825891404,-0.9722573242914825,1.826335270115679,-0.193093636722516,0.45654720820532,-8.62694857484813,-25.102172773927,1.38949524044439,-5.85111991174225,9.681161403233899,0.2677794275308858,0.6567334820422961,81.73207955325583,Defended,Edged,None,0.6925048828125,0.6912345886230469,6.191381,-0.375644,-0.179301234099479,0.0,-10.6,-22.5248808689163,0.947836458787026,0.947836458787026,-8.865191,-0.161095,0.636716,-8.840931,-0.162158,0.63509,-13.12091739083567,-10.06021945080865,-0.1084648064164926,0.7005134930375638,0.7134032697883377,-0.7587354037683651,7.31319099176480e-02,-1.00000000000000e+00,KOTAMBI-STADIUM-VADODARA,2024-12-27,,R,R,R,West-Indies-Women,India-Women,Seam,1
1735,1,75,West Indies (Women),Chinelle Henry,Renuka Singh,,27,3,0,0,0,0,0,0,1,0,0,0,0,0,0,0,0,,,0,26.3,1,1,0,569107,-55.5,-123.5,0,0,,,Knuckleball,40.0,FRONTFOOT FLICK,0,0,3,26,106,5,Off stump,Full Length,0,0,2,0,0,0,0,0,60.48689137410896,-2.826036000163433,8.340902601911743,-0.9510260251982802,1.840793306943381,-0.18987593977169,1.855887033335,-8.79669480788572,-24.6838721703197,2.07039872029835,-5.78185431402684,7.261256828125769,0.2269322261071093,0.500571752698834,62.39254029411418,Defended,Missed,None,0.709808349609375,0.6688613891601562,5.323103,-0.142322,-0.176313372645141,0.0,-10.6,-22.7148809998235,1.98748981745645,1.98748981745645,-8.409602,0.183699,0.375028,-8.840954,0.222616,0.39562,-13.18306729975362,-10.05983802508158,0.3333157168380336,0.4319740090542203,2.405362395544589,0.2059374774981655,2.65361516945981e-01,-1.00000000000000e+00,KOTAMBI-STADIUM-VADODARA,2024-12-27,,R,R,R,West-Indies-Women,India-Women,Seam,1
1735,1,75,West Indies (Women),Chinelle Henry,Renuka Singh,,27,4,0,0,0,0,0,0,1,0,0,0,0,0,0,0,0,,,0,26.4,1,1,0,569109,68.5,29.5,0,0,,,Knuckleball,40.0,FRONTFOOT FLICK,0,0,4,26,106,5,Leg stump,Full Length,0,0,2,0,0,0,0,0,61.298874,-0.5276336191521447,8.340614821665088,-0.9827315147212216,1.869569338615398,-0.187611338282819,0.48819997056634,-8.91260959104919,-24.3894739767665,1.67344193164729,-5.72342588464022,9.12168327644908,0.1248604675877641,0.6499999999999995,95.01395324122352,Defended,Played,None,0.709808349609375,0.6474838256835938,2.531756,-0.047408,-0.174210528405475,-0.273369340037022,-10.6,-23.1700002779282,2.12976983506493,2.12976983506493,-8.30424,0.023976,0.154402,-8.840917,0.073408,0.230053,-13.20651607132353,-10.06026036729145,0.1859131180614772,0.3813678019563482,1.051404518746121,1.326729171480749,1.30266756775144e-01,-1.00000000000000e+00,KOTAMBI-STADIUM-VADODARA,2024-12-27,,R,R,R,West-Indies-Women,India-Women,Seam,1
1735,1,75,West Indies (Women),Chinelle Henry,Renuka Singh,,27,5,1 (WD),1,0,0,0,0,0,1,1,0,0,0,0,0,0,,,0,26.5,1,1,1,569110,68.5,29.5,1,0,,,Knuckleball,105.0,LEFT ALONE,0,0,5,26,107,5,Outside Off stump,Good Length,0,0,2,0,0,0,0,0,46.56212024824764,3.750609897249676,8.340600633996605,-0.9029877189839729,1.907426104703705,-0.143116290550482,-0.00049949575089985,-9.86766705176155,-18.6051177715627,0.0530343644821405,-6.23061020370586,13.90959941139988,0.2647096355510466,0.6324923650449104,78.4028912016319,Attacked,Missed,None,0.923069000244141,0.977508544921875,3.267863999999999,-0.862035,-0.132893698368305,0.0,-10.6,-15.9126548904072,0.0453556235097219,0.0453556235097219,-999.9,-999.9,-999.9,-8.840839,-0.856145,0.456693,-18.51502295215995,-10.06002589662566,-0.8525911154241503,0.6250826214169206,0.01596917648540221,-1.370611210829011e-05,2.03325892236066e-03,-1.00000000000000e+00,KOTAMBI-STADIUM-VADODARA,2024-12-27,,R,R,R,West-Indies-Women,India-Women,Seam,1
1735,1,75,West Indies (Women),Chinelle Henry,Renuka Singh,,27,5,5 (WD),5,0,0,0,0,0,5,1,0,0,0,1,0,0,,,0,26.5,1,1,1,569112,68.5,29.5,5,0,,,Knuckleball,105.0,LEFT ALONE,0,0,6,26,112,5,Wide outside Leg stump,Full Length,0,0,2,0,0,0,0,0,60.04265645438591,0.4522419398990705,8.34064328777849,-1.015273247493365,1.880651915737224,-0.182366318558846,1.45989711987734,-8.89721509385058,-23.7076214126499,2.88771500991491,-5.72307207869131,9.997159501738789,0.2901212832994491,0.6452352449740145,77.77315841615727,Attacked,Missed,None,0.702850341796875,0.7431106567382812,1.585824000000001,0.586079,-0.1693401529475,0.0,-10.6,-20.9485730863922,2.92012698528416,2.92012698528416,-999.9,-999.9,-999.9,-8.84067,0.637242,0.105571,-13.57167391206542,-10.06009378176272,0.808577273614012,0.2930950751543779,2.855836325118435,0.9908898765247958,3.99160516207683e-01,-1.00000000000000e+00,KOTAMBI-STADIUM-VADODARA,2024-12-27,,R,R,R,West-Indies-Women,India-Women,Seam,1
1735,1,75,West Indies (Women),Chinelle Henry,Renuka Singh,,27,5,0,0,0,0,0,0,1,0,0,0,0,0,0,0,0,,,0,26.5,1,1,0,569115,-25.0,-2.5,0,0,,,Knuckleball,97.0,BACKFOOT PUSH,0,0,7,26,112,5,,,0,0,2,0,0,0,0,0,60.39983327914273,-5.491167711776656,8.340796703848639,-0.996768194449684,1.806458070196767,-0.191129727983134,1.58542237245901,-8.54705386415453,-24.8468646378074,1.31970226511144,-6.08040071166095,8.696465863263096,0.2253677036372483,0.5704117000805256,73.024984648354,Defended,Played,None,0.700366973876953,0.7055168151855469,7.825243,-0.58948,-0.177477604555767,0.0,-10.6,-22.6750033360856,1.57894854481448,1.57894854481448,-8.780084,-0.121614,0.596297,-8.84088,-0.117151,0.597181,-13.75089554140817,-10.06016863088392,-0.02716401003483859,0.5969169344854496,1.609841661067185,0.9429790662909179,1.43228266181226e-01,-1.00000000000000e+00,KOTAMBI-STADIUM-VADODARA,2024-12-27,,R,R,R,West-Indies-Women,India-Women,Seam,1
1735,1,75,West Indies (Women),Chinelle Henry,Renuka Singh,,27,6,0,0,0,0,0,0,1,0,0,0,0,0,0,0,0,,,0,26.6,1,1,0,569116,-25.0,-2.5,0,0,,,Knuckleball,97.0,BACKFOOT PUSH,0,0,8,26,112,5,Outside Off stump,Good Length,0,0,2,0,0,0,0,0,59.76087154207481,-3.970461350458728,8.340714317370939,-0.9436681195918415,1.83293939087034,-0.187513230062765,2.08905978587745,-8.24605121335166,-24.3767199081594,1.76340343860923,-5.75245522617802,8.263087614654392,0.2752375157520131,0.5526258701149691,65.37012894204406,Defended,Missed,None,0.730464935302734,0.7111129760742188,6.333842,-0.342982,-0.174119427915424,0.0,-10.6,-21.8896638520356,2.01443452440252,2.01443452440252,-8.823997,0.135933,0.489989,-8.84082,0.137546,0.490513,-13.27783290952141,-10.06022306650437,0.2551184491763144,0.5104200808906327,2.47222801458809,1.120384977567703,2.49708978147408e-01,-1.00000000000000e+00,KOTAMBI-STADIUM-VADODARA,2024-12-27,,R,R,R,West-Indies-Women,India-Women,Seam,1
1735,1,75,West Indies (Women),Aaliyah Alleyne,Tanuja Kanwar,,28,1,0,0,0,0,0,0,1,0,0,0,0,0,0,0,0,,,0,27.1,1,1,0,569118,9.5,20.5,0,0,,,Knuckleball,50.0,BACKFOOT DEFENCE,0,0,1,27,112,5,Outside Off stump,Good Length,1,0,2,0,0,0,0,0,45.7339420813357,3.513381176977238,8.340700951823013,-1.003253287665768,1.769970566180474,-0.141182935226777,1.25757031842811,-9.26307879607148,-18.3537815794811,1.52117191300126,-5.8043916416909,14.94239375790032,0.4064707987991248,0.6650577596383009,69.11158406583266,Defended,Played,None,0.954265594482422,0.9360122680664062,3.633341,-0.209172,-0.131098439853436,0.0,-10.6,-14.4648275858712,0.824634431689982,0.824634431689982,-8.914002,-0.065747,0.54748,-8.840841,-0.070012,0.536907,-17.54958202910393,-10.05992274347452,0.001446082329049941,0.6766118354210424,3.160593791545906,-1.474999100379584,3.87262812672149e-01,-1.00000000000000e+00,KOTAMBI-STADIUM-VADODARA,2024-12-27,,R,R,L,West-Indies-Women,India-Women,Spin,1
1735,1,75,West Indies (Women),Aaliyah Alleyne,Tanuja Kanwar,,28,2,0,0,0,0,0,0,1,0,0,0,0,0,0,0,0,,,0,27.2,1,1,0,569120,8.5,28.0,0,0,,,Knuckleball,50.0,BACKFOOT DEFENCE,0,0,2,27,112,5,Outside Off stump,Good Length,0,0,2,0,0,0,0,0,45.7302206511666,1.697942040565622,8.340591767805051,-0.899832909096298,1.746316048956396,-0.142438482125823,1.23646483226488,-8.95513416228934,-18.5170026763569,1.38073367693928,-5.565859724534,13.23170604099425,0.3359613285165989,0.652391267501021,74.26255727349327,Defended,Played,None,0.928470611572266,0.948028564453125,4.99239,-0.241919,-0.132264304831121,0.0,-10.6,-15.4429075701934,1.05026037429858,1.05026037429858,-8.997863,0.029977,0.621949,-8.840635,0.018919,0.612023,-16.7297811168236,-10.05987357080595,0.1050732777049736,0.6582708734532873,2.781970014683286,-0.3737581636268563,3.10762401788409e-01,-1.00000000000000e+00,KOTAMBI-STADIUM-VADODARA,2024-12-27,,R,R,L,West-Indies-Women,India-Women,Spin,1
1735,1,75,West Indies (Women),Aaliyah Alleyne,Tanuja Kanwar,,28,3,0,0,0,0,0,0,1,0,0,0,0,0,0,0,0,,,0,27.3,1,1,0,569121,-89.0,-13.5,0,0,,,Knuckleball,97.0,BACKFOOT PUSH,0,0,3,27,112,5,Outside Off stump,Good Length,0,0,2,0,0,0,0,0,45.5675241047508,2.465674555451951,8.340578578793483,-0.8642755222367019,1.73074360367163,-0.141542638949678,1.21607227791339,-9.17569663176266,-18.4005430634582,0.98070123153045,-5.65410764483624,12.81053896166267,0.2883310687830978,0.6334088141024677,76.17821523706039,Defended,Played,None,0.908237457275391,0.9489212036132812,4.622411,-0.47429,-0.131432450453273,0.0,-10.6,-15.7500118660809,0.658849234136106,0.658849234136106,-9.116045,-0.318003,0.581859,-8.840898,-0.329863,0.560936,-17.0811141461834,-10.060173009177,-0.2770912145676612,0.6276738534842898,2.726464591229491,-0.6554485782322204,3.17905275895295e-01,-1.00000000000000e+00,KOTAMBI-STADIUM-VADODARA,2024-12-27,,R,R,L,West-Indies-Women,India-Women,Spin,1
1735,1,75,West Indies (Women),Aaliyah Alleyne,Tanuja Kanwar,,28,4,0,0,0,0,0,0,1,0,0,0,0,0,0,0,0,,,0,27.4,1,1,0,569122,-89.0,-13.5,0,0,,,Knuckleball,40.0,FRONTFOOT FLICK,0,0,4,27,112,5,Outside Off stump,Good Length,0,0,2,0,0,0,0,0,46.05536921301701,2.045734748029017,8.340654250145768,-0.8732890496317064,1.744366234844439,-0.143115152932907,1.06593083830098,-9.09544907461346,-18.6049698812779,1.4452408350989,-5.62490004793459,12.19924693405149,0.3540063845409007,0.5934030867542226,63.60982455904333,Defended,Played,None,0.933311462402344,0.9543571472167969,4.719226,-0.123343,-0.132892642009128,0.0,-10.6,-15.4390717163573,1.23206451327867,1.23206451327867,-9.214333,0.191044,0.541344,-8.840697,0.16025,0.522211,-16.82180975588318,-10.05998515097794,0.2611207357447403,0.5602024301023867,2.492261318377069,0.1207958712721103,2.96113926384921e-01,-1.00000000000000e+00,KOTAMBI-STADIUM-VADODARA,2024-12-27,,R,R,L,West-Indies-Women,India-Women,Spin,1
1735,1,75,West Indies (Women),Aaliyah Alleyne,Tanuja Kanwar,,28,5,1,1,1,1,0,0,0,0,0,0,0,0,0,0,0,,,0,27.5,1,1,0,569124,50.0,-108.5,1,0,,,Knuckleball,40.0,FRONTFOOT FLICK,0,0,5,27,113,5,Off stump,Good Length,0,0,2,0,0,0,0,0,46.964928476472,-0.06546611265351443,8.340760859123325,-0.9559206448859914,1.673544762944341,-0.147585102128941,1.27005045472984,-8.8464015625881,-19.1860632767623,1.5340824815856,-5.3837206673484,11.73069864560589,0.3262715979512711,0.6305572391564245,71.95642607833656,Attacked,Played,None,0.912483215332031,0.9245452880859375,6.241003,-0.259572,-0.137043309119731,0.0,-10.6,-16.3484825353514,1.0649731777842,1.0649731777842,-8.916767,0.079811,0.578957,-8.840804,0.074644,0.578751,-15.67442785422697,-10.06010119517468,0.1580071475040201,0.5516137992509292,2.484428446769285,-0.8444429134174107,2.53062813166579e-01,-1.00000000000000e+00,KOTAMBI-STADIUM-VADODARA,2024-12-27,,R,R,L,West-Indies-Women,India-Women,Spin,1
1735,1,75,West Indies (Women),Chinelle Henry,Tanuja Kanwar,,28,6,2,2,2,0,1,0,0,0,0,0,0,0,0,0,0,,,0,27.6,1,1,0,569127,-54.0,-134.5,2,0,,,Knuckleball,97.0,BACKFOOT PUSH,0,0,6,27,115,5,Outside Off stump,Good Length,0,0,2,0,0,0,0,0,43.39103823902835,1.98465402643179,8.340640921350314,-0.727712913583004,1.809956479917022,-0.135687935227346,0.968500306946684,-9.27697137621949,-17.6394315795549,0.911020516048683,-5.7759327956298,13.78256385329604,0.3345559124348788,0.6172385977510656,69.13019841917196,Defended,Edged,None,1.00376129150391,1.024429321289063,5.544287,-0.328455,-0.125995939853964,0.0,-10.6,-14.5336955247808,0.34686954610534,0.34686954610534,-9.205326,-0.214191,0.635479,-8.840924,-0.223242,0.629957,-18.13074345779077,-10.06013671494488,-0.1928426822292848,0.6199167004771785,2.25336263025564,-1.589323329006026,2.41335293869924e-01,-1.00000000000000e+00,KOTAMBI-STADIUM-VADODARA,2024-12-27,,R,R,L,West-Indies-Women,India-Women,Spin,1
1735,1,75,West Indies (Women),Aaliyah Alleyne,Priya Mishra,,29,1,6,6,6,0,0,0,0,0,0,0,0,0,0,1,0,,,0,28.1,1,1,0,569130,203.5,51.0,6,0,,,Knuckleball,95.0,SLOG SWEEP,0,0,1,28,121,5,Off stump,Full Length,1,0,2,0,0,0,0,0,43.86055689861253,5.5600977032715,8.340990752650661,-0.5367180888116619,1.784471684135697,-0.134474233366083,0.194643095249525,-9.89524456452772,-17.4816503375908,0.603094106132864,-6.18445157593298,17.38521939336599,0.3016184671199431,0.7224578660771213,88.20683319957388,Attacked,Played,None,0.989616394042969,0.8835067749023438,3.305453,-0.108976,-0.124868930982791,0.0,-10.6,-14.270323205399,0.499783957543379,0.499783957543379,-7.700479,-0.075709,0.308072,-8.840887,-0.035232,0.578027,-19.48215889260186,-10.05993530684647,0.00849441618215363,0.7915250243699367,0.6720271444312153,0.02998191927484109,8.37437985035227e-02,7.30000000000000e+01,KOTAMBI-STADIUM-VADODARA,2024-12-27,,R,R,R,West-Indies-Women,India-Women,Spin,1
1735,1,75,West Indies (Women),Aaliyah Alleyne,Priya Mishra,,29,2,1,1,1,1,0,0,0,0,0,0,0,0,0,0,0,,,0,28.2,1,1,0,569132,-139.0,50.5,1,0,,,Knuckleball,36.0,CUT SHOT,0,0,2,28,122,5,Outside Off stump,Short of Good Length,0,0,2,0,0,0,0,0,44.99272326942555,2.105834385364415,8.340945740827326,-0.6381169717792384,1.750390146972723,-0.141191448826364,-0.0600860637045453,-10.6245082266448,-18.3548883474273,0.436088333694329,-6.07231090305783,17.03124515455884,0.5304507366063416,0.6547386421630949,55.16572266383007,Attacked,Played,None,1.04512023925781,1.055591583251953,6.085002,-0.346202,-0.0917744417371364,0.0,-10.6,-12.9788608198991,-1.15388206839629,-1.15388206839629,-9.253835,-0.824499,0.778163,-8.840835,-0.786415,0.786187,-18.30566106712213,-10.06003034294301,-0.8991738487918997,0.7289115937478634,0.007962796021751819,-6.441525497587036,-1.00045868198911e-03,-1.00000000000000e+00,KOTAMBI-STADIUM-VADODARA,2024-12-27,,R,R,R,West-Indies-Women,India-Women,Spin,1
1735,1,75,West Indies (Women),Chinelle Henry,Priya Mishra,,29,3,0,0,0,0,0,0,1,0,0,0,0,0,0,0,0,,,0,28.3,1,1,0,569133,-139.0,50.5,0,0,,,Knuckleball,105.0,LEFT ALONE,0,0,3,28,122,5,Outside Off stump,Good Length,0,0,2,0,0,0,0,0,43.9576332182242,5.47793550340665,8.340584402007146,-0.5886203683193793,1.809463730504388,-0.13657694054263,0.280257561224849,-11.1715376733709,-17.7550022705419,0.279637761361196,-6.57341202987669,16.78836475302555,0.4587907514519778,0.5884310251007542,52.38557861991535,None,None,None,1.00079727172852,1.092338562011719,4.232132,-0.457206,-0.0887750113527095,0.0,-10.6,-12.8208416287199,-1.93995721063362,-1.93995721063362,-999.9,-999.9,-999.9,-8.840852,-0.917932,0.654815,-20.31600029301691,-10.06013835501813,-1.107173524803871,0.7361286852424549,0.7063102151376572,-9.50663566805178,8.29049088908405e-02,-1.00000000000000e+00,KOTAMBI-STADIUM-VADODARA,2024-12-27,,R,R,R,West-Indies-Women,India-Women,Spin,1
1735,1,75,West Indies (Women),Chinelle Henry,Priya Mishra,,29,4,4,4,4,0,0,0,0,0,0,0,0,0,1,0,0,,,0,28.4,1,1,0,569134,202.0,12.5,4,0,,,Knuckleball,58.0,BACKFOOT PULL SHOT,0,0,4,28,126,5,Leg stump,Short Length,0,0,2,0,0,0,0,0,44.79313683172746,0.9037187543444325,8.340744405232073,-0.5401281697595662,1.748501234617634,-0.141203666391911,0.271241574298148,-10.5290918133974,-18.3564766309485,1.45008312650229,-6.00373536204956,11.68747395771489,0.3820558665953586,0.5147373723129787,49.00501918741094,Attacked,Played,None,0.994491577148438,0.948944091796875,6.904095,0.281275,-0.0917823831547424,0.0,-10.6,-14.9391676301706,-0.0377131290933673,-0.0377131290933673,-8.28426,0.26812,0.474643,-8.840943,0.266667,0.443373,-18.11103677131806,-10.06011162373461,0.2634652484333256,0.3189636450032161,0.8302716670010071,-4.661381569769838,8.06206365454737e-02,-1.00000000000000e+00,KOTAMBI-STADIUM-VADODARA,2024-12-27,,R,R,R,West-Indies-Women,India-Women,Spin,1
1735,1,75,West Indies (Women),Chinelle Henry,Priya Mishra,,29,5,0,0,0,0,0,0,1,0,0,0,0,0,0,0,0,,,0,28.5,1,1,0,569136,202.0,12.5,0,0,,,Knuckleball,105.0,LEFT ALONE,0,0,5,28,126,5,Outside Off stump,Full Toss,0,0,2,0,0,0,0,0,44.56774602673337,7.948150434387989,8.340896935421664,-0.6841117716458078,1.847339397875118,-0.13602045535015,-0.104625928164148,-10.6420773601972,-17.6826591955195,-0.228946140592561,-6.8045488314963,16.43946452372227,0.2517831906817346,0.6438506474992475,81.39927805671365,None,None,None,0.945625305175781,0.99884033203125,1.438279,-0.848013,-0.0884132959775977,0.0,-10.6,-14.8479792788354,-0.767060420446498,-0.767060420446498,-999.9,-999.9,-999.9,-8.840778,-0.859337,0.10142,-21.04746327366504,-10.05986250321786,-0.9226286498879895,0.4139182778064652,-0.355979172749631,-2.215528880002972,-4.66575768197341e-02,-1.00000000000000e+00,KOTAMBI-STADIUM-VADODARA,2024-12-27,,R,R,R,West-Indies-Women,India-Women,Spin,1
1735,1,75,West Indies (Women),Chinelle Henry,Priya Mishra,,29,6,0,0,0,0,0,0,1,0,0,0,0,0,0,0,0,,,0,28.6,1,1,0,569138,-37.0,-66.0,0,0,,,Knuckleball,97.0,BACKFOOT PUSH,0,0,6,28,126,5,Outside Off stump,Good Length,0,0,2,0,0,0,0,0,44.31527373645283,3.870299007629943,8.341020475155045,-0.5507376734304524,1.737431448394656,-0.13818013932364,0.25790055661291,-9.91899667652106,-17.9634181120732,0.336802775351005,-5.96036156508849,15.38580109406698,0.3938388433324961,0.6503628449387365,68.17054240756087,Attacked,Edged,None,0.996585845947266,1.01385498046875,4.473346,-0.372622,-0.089817090560366,0.0,-10.6,-14.0868075989654,0.399712223807575,0.399712223807575,-9.444762,-0.261779,0.705269,-8.840853,-0.279313,0.653971,-18.35613001296969,-10.05992268291211,-0.2438480469716696,0.7366350378717117,0.6510876012320175,0.5511938795343211,7.52357480008255e-02,-1.00000000000000e+00,KOTAMBI-STADIUM-VADODARA,2024-12-27,,R,R,R,West-Indies-Women,India-Women,Spin,1
1735,1,75,West Indies (Women),Aaliyah Alleyne,Tanuja Kanwar,,30,1,0,0,0,0,0,0,1,0,0,0,0,0,0,0,0,,,0,29.1,1,1,0,569143,-61.0,31.5,0,0,,,Knuckleball,49.0,FORWARD DEFENCE,0,0,1,29,126,5,Leg stump,Good Length,1,0,2,0,0,0,0,0,45.83577712044509,2.20306584676381,8.340633593595598,-0.8458874772609113,1.755574791014754,-0.142294958093317,0.892232931711522,-8.96206433791408,-18.4983445521312,0.648989650270912,-5.60557863340169,9.918661337873145,0.2583632962555831,0.508981049434232,60.51082778957649,Defended,Played,None,0.865951538085938,0.9386215209960938,4.511533,-0.609945,-0.092491722760656,0.0,-10.6,-16.3163380555893,0.50994152802979,0.50994152802979,-9.185787,-0.495078,0.410865,-8.840905,-0.506073,0.398366,-16.8584545917785,-10.06008980487264,-0.4671069085726597,0.4204479395214889,1.974339739754044,-0.2192146418185134,2.27351476218899e-01,-1.00000000000000e+00,KOTAMBI-STADIUM-VADODARA,2024-12-27,,R,R,L,West-Indies-Women,India-Women,Spin,1
1735,1,75,West Indies (Women),Aaliyah Alleyne,Tanuja Kanwar,,30,2,0,0,0,0,0,0,1,0,0,0,0,0,0,0,0,,,0,29.2,1,1,0,569144,-93.0,74.0,0,0,,,Knuckleball,11.0,LOFTED ON DRIVE,0,0,2,29,126,5,Outside Off stump,Good Length,0,0,2,0,0,0,0,0,45.93703294628013,3.010114790794629,8.340752573377262,-0.9323338739602438,1.765187182170084,-0.141929794995039,1.25861731695382,-9.20111529509707,-18.4508733493551,1.55476950587859,-5.74112466263468,13.3359018386661,0.4106956744671347,0.6072213445300274,60.01363423279065,Defended,Played,None,0.933013916015625,0.9505805969238281,3.981716,-0.125727,-0.0922543667467754,0.0,-10.6,-14.7062156423945,0.775889217753884,0.775889217753884,-9.129331,0.036804,0.534902,-8.840838,0.021301,0.507496,-17.2839132879975,-10.05990183644755,0.08700820866424439,0.5946073369495287,3.078530352960195,-1.796587094250629,3.68868536093845e-01,-1.00000000000000e+00,KOTAMBI-STADIUM-VADODARA,2024-12-27,,R,R,L,West-Indies-Women,India-Women,Spin,1
1735,1,75,West Indies (Women),Aaliyah Alleyne,Tanuja Kanwar,,30,3,1,1,1,1,0,0,0,0,0,0,0,0,0,0,0,,,0,29.3,1,1,0,569146,-93.0,74.0,1,0,,,Knuckleball,97.0,BACKFOOT PUSH,0,0,3,29,127,5,Off stump,Good Length,0,0,2,0,0,0,0,0,43.9965106925829,4.446527848106462,8.340907465113396,-0.8254721448191218,1.813714742150752,-0.136415710411348,1.16551988949623,-9.48209645921716,-17.7340423534753,1.24100716208914,-6.00547935852635,14.06983487005854,0.3900632270829912,0.5862677893244185,58.93384569036367,Attacked,Played,None,0.991252899169922,0.8871688842773438,3.500427,-0.207047,-0.0886702117673765,0.0,-10.6,-14.0482673330097,0.611105035455161,0.611105035455161,-7.842754,-0.151001,0.314844,-8.840709,-0.107095,0.470598,-18.70822385152254,-10.06014476509006,-0.05306333042526395,0.5871744835167954,3.093207508613521,-1.512146562858024,3.81613539322955e-01,-1.00000000000000e+00,KOTAMBI-STADIUM-VADODARA,2024-12-27,,R,R,L,West-Indies-Women,India-Women,Spin,1
1735,1,75,West Indies (Women),Chinelle Henry,Tanuja Kanwar,,30,4,1,1,1,1,0,0,0,0,0,0,0,0,0,0,0,,,0,29.4,1,1,0,569148,-85.5,36.0,1,0,,,Knuckleball,97.0,BACKFOOT PUSH,0,0,4,29,128,5,Outside Off stump,Good Length,0,0,2,0,0,0,0,0,43.29895534614678,2.20600801115675,8.3406940029287,-0.7287696366393641,1.797849869496476,-0.135356852285695,1.15048517444191,-9.39816665497348,-17.5963907971404,1.31601646054544,-5.79596595824213,15.01702776730054,0.3197864468991226,0.6718393138453933,78.79725238689674,Attacked,Played,None,0.963569641113281,1.011611938476563,5.558921,-0.091499,-0.0879819539857018,0.0,-10.6,-14.5151918348061,0.958854045885522,0.958854045885522,-9.019777,0.211164,0.741203,-8.840665,0.199006,0.733401,-18.23104533445659,-10.0600902794952,0.2820511587301693,0.7527531143469637,2.75039358919027,-0.4977402525711571,2.94207787154511e-01,-1.00000000000000e+00,KOTAMBI-STADIUM-VADODARA,2024-12-27,,R,R,L,West-Indies-Women,India-Women,Spin,1
1735,1,75,West Indies (Women),Aaliyah Alleyne,Tanuja Kanwar,,30,5,0,0,0,0,0,0,1,0,0,0,0,0,0,0,0,,,0,29.5,1,1,0,569150,40.5,31.0,0,0,,,Knuckleball,97.0,BACKFOOT PUSH,0,0,5,29,128,5,,,0,0,2,0,0,0,0,0,45.611649,2.529481470493431,8.340860449438814,-0.8419174185377745,1.73931264900795,-0.141488737374603,1.40302023294778,-9.0112316644514,-18.3935358586984,1.36728871419577,-5.59016125479916,12.69526833786992,0.360951290619067,0.6112313817996311,65.58957820803796,Defended,Edged,None,,0.9434738159179688,4.455378,-0.221061,-0.0919676792934922,0.0,-10.6,-15.1677415167132,0.878841298816446,0.878841298816446,-8.956649,-0.024839,0.548976,-8.840631,-0.031698,0.540457,-16.90506965348044,-10.05991072953469,0.04063585397322134,0.5977988050191253,3.247532702237009,-0.9351847932200149,3.76319994184087e-01,-1.00000000000000e+00,KOTAMBI-STADIUM-VADODARA,2024-12-27,,R,R,L,West-Indies-Women,India-Women,Spin,1
1735,1,75,West Indies (Women),Aaliyah Alleyne,Tanuja Kanwar,,30,6,1,1,1,1,0,0,0,0,0,0,0,0,0,0,0,,,0,29.6,1,1,0,569152,148.5,61.5,1,0,,,Knuckleball,55.0,SWEEP SHOT,0,0,6,29,129,5,Outside Off stump,Good Length,0,0,2,0,0,0,0,0,44.36394105018505,3.731761598257469,8.34067844606827,-0.8910736043834371,1.786111649052097,-0.138170384786467,1.16319776576096,-9.2576821705236,-17.9621500222408,1.46150654657317,-5.83021257950756,13.28383537508446,0.2858978249613328,0.617958165948681,74.10394239616888,Attacked,Edged,None,0.966156005859375,0.8596458435058594,3.796558,-0.11024,-0.0898107501112038,0.0,-10.6,-15.2602619684663,1.40304202861592,1.40304202861592,-7.617844,0.014784,0.320946,-8.840674,0.128528,0.501619,-17.98256080846183,-10.06009697037816,0.2427867167384223,0.6129680261496642,3.031251575339338,0.6013809177829703,3.63417061935870e-01,-1.00000000000000e+00,KOTAMBI-STADIUM-VADODARA,2024-12-27,,R,R,L,West-Indies-Women,India-Women,Spin,1
1735,1,75,West Indies (Women),Aaliyah Alleyne,Titas Sadhu,,31,1,0,0,0,0,0,0,1,0,0,0,0,0,0,0,0,,,0,30.1,1,1,0,569154,-100.5,13.0,0,0,,,Knuckleball,50.0,BACKFOOT DEFENCE,0,0,1,30,129,5,Outside Off stump,Good Length,1,0,2,0,0,0,0,0,60.55940954641139,-4.151642977800495,8.340988108018482,-0.7703674120525106,1.876594750108605,-0.18997970129023,1.2848316316542,-8.47346360118928,-24.6973611677299,1.29591932864954,-5.92148470599029,9.685582775710714,0.3025288609731826,0.6284292842972855,74.01150654727456,Defended,Played,None,0.707622528076172,0.7000007629394531,6.323878,-0.304856,-0.123486805838649,0.0,-10.6,-21.8031503212446,0.692239679970681,0.692239679970681,-8.731064,-0.143983,0.612616,-8.840862,-0.140394,0.618995,-13.48283008692496,-10.06013772441627,-0.1003874876111869,0.6708109708527834,1.52844229987697,-1.185165134127534,1.54385149336814e-01,-1.00000000000000e+00,KOTAMBI-STADIUM-VADODARA,2024-12-27,,R,R,R,West-Indies-Women,India-Women,Seam,1
1735,1,75,West Indies (Women),Aaliyah Alleyne,Titas Sadhu,,31,2,1,1,1,1,0,0,0,0,0,0,0,0,0,0,0,,,0,30.2,1,1,0,569156,-70.5,-123.5,1,0,,,Knuckleball,44.0,GLIDE,0,0,2,30,130,5,Outside Off stump,Good Length,0,0,2,0,0,0,0,0,64.33239026739402,-4.349040157040357,8.340792838859127,-1.195722548223351,1.863449124470546,-0.201335151641661,-0.636849937482781,-8.43561052560022,-26.1735697134159,1.15878573696491,-5.97207885384107,8.656403832153494,0.1886688281452651,0.6207231014043643,84.24158239612814,Attacked,Played,None,0.668083190917969,0.6732330322265625,6.083119,-0.610316,-0.130867848567079,0.0,-10.6,-24.3492983608711,1.07613046508268,1.07613046508268,-9.34246,-0.369695,0.594816,-8.840577,-0.392503,0.564101,-12.85325685219554,-10.06006805296429,-0.3369730718981387,0.6305654060983368,-0.3522457961009789,-0.004436464114931803,-3.58105197088386e-02,-1.00000000000000e+00,KOTAMBI-STADIUM-VADODARA,2024-12-27,,R,R,R,West-Indies-Women,India-Women,Seam,1
1735,1,75,West Indies (Women),Chinelle Henry,Titas Sadhu,,31,3,0,0,0,0,0,0,1,0,0,0,0,0,0,0,0,,,0,30.3,1,1,0,569157,-70.5,-123.5,0,0,,,Knuckleball,11.0,LOFTED ON DRIVE,0,0,3,30,130,5,Outside Off stump,Good Length,0,0,2,0,0,0,0,0,63.52497188960857,-3.412098136814445,8.341022382067536,-0.7861110769492101,1.88435400309125,-0.197855144803927,-1.93047591692325,-8.60853479032127,-25.7211688245105,0.168149001260195,-5.88511196406059,10.21070089049761,0.2729403054053325,0.7034945387453049,88.23015027126247,Attacked,Missed,None,0.677959442138672,0.71868896484375,5.238595,-0.474794,-0.128605844122552,0.0,-10.6,-22.9853216304995,-0.0679222288977213,-0.0679222288977213,-999.9,-999.9,-999.9,-8.841042,-0.486808,0.604853,-12.88767662951425,-10.06019378006881,-0.4905061741587111,0.7124854786566914,-1.867886441358831,-0.5438688682731527,-2.03970549733916e-01,-1.00000000000000e+00,KOTAMBI-STADIUM-VADODARA,2024-12-27,,R,R,R,West-Indies-Women,India-Women,Seam,1
1735,1,75,West Indies (Women),Chinelle Henry,Titas Sadhu,,31,4,2,2,2,0,1,0,0,0,0,0,0,0,0,0,0,,,0,30.4,1,1,0,569159,-150.0,101.5,2,0,,,Knuckleball,36.0,CUT SHOT,0,0,4,30,132,5,Outside Off stump,Good Length,0,0,2,0,0,0,0,0,63.853627273917,-4.103500531462861,8.340620498503242,-0.80819976617616,1.858312947783035,-0.19953553906406,-2.56112309181044,-8.12991119978495,-25.9396200783278,-0.129328044247293,-5.80729398358919,9.038058088480417,0.3090182340914109,0.6303534780726877,73.65119830176207,Attacked,Played,None,0.673198699951172,0.6254425048828125,5.811453,-0.593311,-0.129698100391639,0.0,-10.6,-23.0134752217109,-0.179568281678712,-0.179568281678712,-7.942372,-0.622437,0.494766,-8.840579,-0.629613,0.563882,-12.61914635369352,-10.06001221698907,-0.639415576025428,0.63093819761169,-2.413445486881386,-0.1613961462737109,-2.52706622531255e-01,-1.00000000000000e+00,KOTAMBI-STADIUM-VADODARA,2024-12-27,,R,R,R,West-Indies-Women,India-Women,Seam,1
1735,1,75,West Indies (Women),Chinelle Henry,Titas Sadhu,,31,5,4,4,4,0,0,0,0,0,0,0,0,0,1,0,0,,,0,30.5,1,1,0,569161,-199.5,-13.5,4,0,,,Knuckleball,36.0,CUT SHOT,0,0,5,30,136,5,Outside Off stump,Short of Good Length,0,0,2,0,0,0,0,0,63.88273957960104,-5.709741438646549,8.3408036258203,-1.100921848096955,1.843520835191375,-0.201227882310999,-1.7429294072899,-8.03734341256182,-26.1596247004299,0.672266370513385,-6.09529292836136,10.77686713930555,0.2670871376104467,0.7289084888195716,92.62755956189108,Attacked,Played,None,0.680809020996094,0.668701171875,7.354191,-0.68531,-0.13079812350215,0.0,-10.6,-23.3417505187496,0.745193724133047,0.745193724133047,-8.749538,-0.489019,0.835829,-8.840874,-0.486,0.842429,-13.1161170215411,-10.06021477827602,-0.4455427771897987,0.9140978066910816,-1.308818770212123,0.3564684470871304,-1.20891499138382e-01,-1.00000000000000e+00,KOTAMBI-STADIUM-VADODARA,2024-12-27,,R,R,R,West-Indies-Women,India-Women,Seam,1
1735,1,75,West Indies (Women),Chinelle Henry,Titas Sadhu,,31,6,0,0,0,0,0,0,1,0,0,0,0,0,0,0,0,,,0,30.6,1,1,0,569163,-199.5,-13.5,0,0,,,Knuckleball,105.0,LEFT ALONE,0,0,6,30,136,5,Outside Off stump,Short Length,0,0,2,0,0,0,0,0,61.72206707206258,-15.94341165526426,8.340636742372418,-0.9334982169273373,1.739619353272715,-0.208744164604802,0.150398018730721,-8.9224441308619,-27.1367413986243,1.27708013568368,-9.77100012753663,15.35819740758854,0.3240876559088865,0.619192917003349,70.47017195961371,Attacked,Missed,None,0.795055389404297,0.8116607666015625,13.115086,-0.69242,-0.135683706993121,0.486982355853048,-10.7407157775653,-22.0276335035155,0.718264392697762,0.718264392697762,-999.9,-999.9,-999.9,-8.84084,-0.212986,1.740716,-19.80219067741787,-10.06001308958948,-0.1526597284876063,1.722972756370422,0.163263949105598,-0.8267983198632544,-1.36674218692950e-02,-1.00000000000000e+00,KOTAMBI-STADIUM-VADODARA,2024-12-27,,R,R,R,West-Indies-Women,India-Women,Seam,1
1735,1,75,West Indies (Women),Aaliyah Alleyne,Deepti Sharma,,32,1,4,4,4,0,0,0,0,0,0,0,0,0,1,0,0,,,0,31.1,1,1,0,569165,-27.0,232.5,4,0,,,Knuckleball,5.0,LOFTED OFF DRIVE,0,0,1,31,140,5,Outside Off stump,Full Length,1,0,2,0,0,0,0,0,46.17672484732299,2.084670578482461,8.340758357254124,-0.5616544869265327,1.989672096130089,-0.143131718250466,-0.772393776232841,-9.63360184327264,-18.6071233725606,-0.0871590598283911,-6.17349884179913,12.78702275721509,0.34206500763155,0.562586369027965,60.18145459103976,Attacked,Played,None,0.926651000976562,0.8555831909179688,4.31466,-0.424788,-0.0930356168628031,0.0,-10.6,-15.3030651372644,0.370709254345633,0.370709254345633,-7.825966,-0.374064,0.416836,-8.840902,-0.349085,0.52907,-18.35488817293676,-10.06007394542896,-0.3188703452952013,0.6005097344569355,-1.568366524371944,1.656072392314424,-1.82694376135206e-01,-1.00000000000000e+00,KOTAMBI-STADIUM-VADODARA,2024-12-27,,R,R,R,West-Indies-Women,India-Women,Spin,1
1735,1,75,West Indies (Women),Aaliyah Alleyne,Deepti Sharma,,32,2,1,1,1,1,0,0,0,0,0,0,0,0,0,0,0,,,0,31.2,1,1,0,569167,163.0,-9.0,1,0,,,Knuckleball,55.0,SWEEP SHOT,0,0,2,31,141,5,Off stump,Full Length,0,0,2,0,0,0,0,0,43.57024316374144,2.997403402518256,8.340657294328714,-0.5708968879485418,2.00085013081548,-0.134780311518374,-0.751875702010816,-9.30992041951825,-17.5214404973887,0.253897693022918,-6.13393582944858,14.7929883253312,0.3420220115196385,0.6079052980931724,66.98359356201203,Attacked,Played,None,0.990943908691406,0.8826370239257812,4.220033,-0.154036,-0.0876072024869433,0.0,-10.6,-14.1201351562341,0.91868578802945,0.91868578802945,-7.448366,-0.048865,0.393174,-8.840796,0.043045,0.591774,-19.29421677458084,-10.06002073742783,0.1241880456360644,0.6789308514392107,-1.619789898709081,2.89234058623381,-1.98242027925478e-01,-1.00000000000000e+00,KOTAMBI-STADIUM-VADODARA,2024-12-27,,R,R,R,West-Indies-Women,India-Women,Spin,1
1735,1,75,West Indies (Women),Chinelle Henry,Deepti Sharma,,32,3,0 WK,W,0,0,0,0,1,0,0,0,0,0,0,0,1,Bowled,WICKET,1,31.3,1,1,0,569169,163.0,-9.0,0,0,,,Knuckleball,50.0,BACKFOOT DEFENCE,0,0,3,31,141,6,Off stump,Good Length,1,0,2,0,0,0,0,0,47.76027343087208,0.6861644824459463,8.340798703873354,-0.6154821459364126,1.952098113918315,-0.148421974577147,-1.27120266109551,-9.29984871203393,-19.2948566950291,0.380710279025363,-5.97789268875237,12.32872866913883,0.3072652322786187,0.5980475305830293,68.98060635959253,None,None,None,0.894035339355469,0.9680442810058594,4.803473,-0.074787,-0.0964742834751453,0.0,-10.6,-16.3573148206179,0.443305790213031,0.443305790213031,-999.9,-999.9,-999.9,-8.840947,0.023397,0.566147,-17.21391881134534,-10.06010532317959,0.0572763000941366,0.6289909993908926,-2.179877784931131,0.4220480129135031,-2.43245939802451e-01,-1.00000000000000e+00,KOTAMBI-STADIUM-VADODARA,2024-12-27,,R,R,R,West-Indies-Women,India-Women,Spin,1
1735,1,75,West Indies (Women),Mandy Mangru,Deepti Sharma,,32,4,0,0,0,0,0,0,1,0,0,0,0,0,0,0,0,,,0,31.4,1,1,0,569170,-33.0,-48.0,0,0,,,Knuckleball,49.0,FORWARD DEFENCE,0,0,4,31,141,6,Outside Off stump,Good Length,2,0,2,0,0,0,0,0,45.26319456686302,3.086405163634672,8.34099148992006,-0.538918764329918,1.994126384362064,-0.140860069017478,-0.839654350177874,-9.77130154224429,-18.3118089722722,-0.0412459031146161,-6.28424818243636,12.42398720665857,0.2340640463662312,0.5612242171713189,70.7772279390747,Defended,Missed,None,0.942375183105469,0.8658027648925781,3.802878,-0.330434,-0.0915590448613609,0.0,-10.6,-16.009174494333,0.447398975152325,0.447398975152325,-8.013638,-0.281097,0.359514,-8.840878,-0.257688,0.468379,-18.94119977622758,-10.06017381776111,-0.2229794966736616,0.5763834764059146,-1.797086105928977,1.729848764960859,-2.16513539347585e-01,-1.00000000000000e+00,KOTAMBI-STADIUM-VADODARA,2024-12-27,,R,R,R,West-Indies-Women,India-Women,Spin,1
1735,1,75,West Indies (Women),Mandy Mangru,Deepti Sharma,,32,5,0,0,0,0,0,0,1,0,0,0,0,0,0,0,0,,,0,31.5,1,1,0,569171,-32.5,25.0,0,0,,,Knuckleball,49.0,FORWARD DEFENCE,0,0,5,31,141,6,Outside Off stump,Good Length,0,0,2,0,0,0,0,0,46.39455283661987,2.059238449093962,8.340660051438483,-0.6260858193132443,1.975897746697865,-0.143877277895234,-0.722918632047826,-9.73598210735445,-18.7040461263804,-0.128725380094266,-6.19005980186625,14.35161738814637,0.3848939750543439,0.6130875511022261,63.47373515989954,Defended,Played,None,0.941482543945312,0.8747177124023438,4.370673,-0.534374,-0.093520230631902,0.0,-10.6,-14.8327258941832,0.92082349230468,0.92082349230468,-8.079887,-0.384837,0.513138,-8.840742,-0.336763,0.606954,-18.31183942167348,-10.06011646418403,-0.2592241790692298,0.6973882614891951,-1.462064126825142,3.946709430883265,-1.69694655409243e-01,-1.00000000000000e+00,KOTAMBI-STADIUM-VADODARA,2024-12-27,,R,R,R,West-Indies-Women,India-Women,Spin,1
1735,1,75,West Indies (Women),Mandy Mangru,Deepti Sharma,,32,6,0,0,0,0,0,0,1,0,0,0,0,0,0,0,0,,,0,31.6,1,1,0,569172,48.0,32.5,0,0,,,Knuckleball,49.0,FORWARD DEFENCE,0,0,6,31,141,6,Outside Off stump,Good Length,0,0,2,0,0,0,0,0,42.52302783514926,5.447853665132409,8.340695117869412,-0.5956704411973137,2.027022106561873,-0.130420665924481,-0.765346390487648,-9.97457895668354,-16.9546865701825,-0.0415490185438889,-6.55852465589905,18.20535619302879,0.476273285172276,0.5959389654375556,51.76351629840575,Defended,Played,None,1.04690551757812,0.9462661743164062,3.380287,-0.36154,-0.0847734328509127,-0.676543431297668,-10.6,-11.8839663116081,1.42907391295743,1.42907391295743,-7.956169,-0.211279,0.393954,-8.840887,-0.110992,0.572226,-21.14779866737459,-10.0598954047428,0.02187377248481374,0.7198974963905396,-1.957671666584587,6.997430045788525,-2.39871014321162e-01,-1.00000000000000e+00,KOTAMBI-STADIUM-VADODARA,2024-12-27,,R,R,R,West-Indies-Women,India-Women,Spin,1
1735,1,75,West Indies (Women),Aaliyah Alleyne,Titas Sadhu,,33,1,1,1,1,1,0,0,0,0,0,0,0,0,0,0,0,,,0,32.1,1,1,0,569173,87.0,-81.0,1,0,,,Knuckleball,40.0,FRONTFOOT FLICK,0,0,1,32,142,6,Outside Off stump,Short of Good Length,1,0,2,0,0,0,0,0,63.26793635040428,-6.79620696357355,8.340583250527324,-0.8104716356430368,1.843997144036137,-0.200422354238639,0.417850497622541,-8.40274487567921,-26.0549060510231,1.36491206941968,-6.44917679017052,8.953496325572225,0.2206510840676328,0.5815074709613863,75.16101223744468,Attacked,Played,None,0.675624847412109,0.6611824035644531,8.406084,-0.334585,-0.130274530255115,0.0,-10.6,-23.8031350231038,1.32742336561313,1.32742336561313,-8.465172,0.052517,0.677352,-8.840576,0.074286,0.686735,-13.90256821603317,-10.05998680282549,0.1453201962468964,0.6975250134493425,0.5284107957018733,0.1931379903655827,4.46678584300423e-02,-1.00000000000000e+00,KOTAMBI-STADIUM-VADODARA,2024-12-27,,R,R,R,West-Indies-Women,India-Women,Seam,1
1735,1,75,West Indies (Women),Mandy Mangru,Titas Sadhu,,33,2,0,0,0,0,0,0,1,0,0,0,0,0,0,0,0,,,0,32.2,1,1,0,569175,87.0,-81.0,0,0,,,Knuckleball,50.0,BACKFOOT DEFENCE,0,0,2,32,142,6,Outside Off stump,Good Length,0,0,2,0,0,0,0,0,64.27225671177884,-6.90022851112307,8.340763232219938,-0.8508520099845727,1.836302974966293,-0.203470132692875,-0.198082583789783,-7.81808467863315,-26.4511172500737,0.897414345161662,-6.32601913702806,10.1395356896035,0.2935387172151726,0.660927935134012,79.78531854858454,Defended,Missed,None,0.683853149414062,0.7312774658203125,8.29629,-0.507301,-0.132255586250368,-1.05793041638595,-10.6,-23.3787904012244,0.393799822016573,0.393799822016573,-999.9,-999.9,-999.9,-8.840785,-0.436127,0.823936,-13.45015577681301,-10.06021379948495,-0.4340483964804418,0.8575958625832433,-0.006261288105055158,-0.9781272013365295,9.36902808494102e-01,-1.00000000000000e+00,KOTAMBI-STADIUM-VADODARA,2024-12-27,,R,R,R,West-Indies-Women,India-Women,Seam,1
1735,1,75,West Indies (Women),Mandy Mangru,Titas Sadhu,,33,3,0,0,0,0,0,0,1,0,0,0,0,0,0,0,0,,,0,32.3,1,1,0,569178,9.0,25.0,0,0,,,Knuckleball,49.0,FORWARD DEFENCE,0,0,3,32,142,6,Off stump,Good Length,0,0,2,0,0,0,0,0,63.97330252301089,-4.00787691137557,8.340690054852445,-0.8041207009231643,1.862203037007126,-0.199542669863401,0.571153414010284,-7.86685045503685,-25.9405470822421,1.5175735487397,-5.70756277328327,8.808491235276728,0.3082517749108382,0.626759033101758,73.18867747417988,Defended,Played,None,0.665393829345703,0.63482666015625,5.570646,-0.151843,-0.129702735411211,0.0,-10.6,-23.0851061020536,1.32036194753568,1.32036194753568,-8.215966,0.063565,0.487713,-8.840792,0.100132,0.534826,-12.40877193943381,-10.06018795869293,0.1718760418848163,0.6036380251011948,0.8404701056654802,-0.07461205063011826,9.03431742266035e-02,-1.00000000000000e+00,KOTAMBI-STADIUM-VADODARA,2024-12-27,,R,R,R,West-Indies-Women,India-Women,Seam,1
1735,1,75,West Indies (Women),Mandy Mangru,Titas Sadhu,,33,4,0,0,0,0,0,0,1,0,0,0,0,0,0,0,0,,,0,32.4,1,1,0,569180,9.0,25.0,0,0,,,Knuckleball,97.0,BACKFOOT PUSH,0,0,4,32,142,6,Outside Off stump,Good Length,0,0,2,0,0,0,0,0,63.6237325307144,-8.007750704169714,8.34094555201587,-0.7738580847605064,1.829277795656911,-0.20241265728751,0.479360731183837,-8.2357658064819,-26.3136454473764,0.657060918270624,-6.72064829056046,9.609384168024786,0.2830414303825836,0.5864171228470947,69.65842538880585,Defended,Missed,None,0.700984954833984,0.744415283203125,9.27958,-0.580631,-0.131568227236882,-0.413835077444256,-10.6,-23.2780146721179,1.10296027841338,1.10296027841338,-999.9,-999.9,-999.9,-8.840664,-0.215735,0.770961,-14.32736162217838,-10.06024473132317,-0.16367887668544,0.7650403884612104,0.4203659766860431,1.282364764085865,5.38650156098952e-02,-1.00000000000000e+00,KOTAMBI-STADIUM-VADODARA,2024-12-27,,R,R,R,West-Indies-Women,India-Women,Seam,1
1735,1,75,West Indies (Women),Mandy Mangru,Titas Sadhu,,33,5,1 (WD),1,0,0,0,0,0,1,1,0,0,0,0,0,0,,,0,32.5,1,1,1,569182,9.0,25.0,1,0,,,Knuckleball,36.0,CUT SHOT,0,0,5,32,143,6,Outside Off stump,Short of Good Length,0,0,2,0,0,0,0,0,63.60709329921279,-7.858025445391199,8.340672554177686,-0.8934236340873289,1.848939749500574,-0.202164832727241,-2.06789129152509,-8.18970073866156,-26.2814282545413,-0.331167318686507,-6.69061401817393,10.37849486501771,0.2718444172469273,0.6378948224800226,78.49978164731067,Attacked,Missed,None,0.69781494140625,0.7424697875976562,9.085475,-0.885629,-0.131407141272707,0.0,-10.6,-23.3032601789865,-0.240542402100444,-0.240542402100444,-999.9,-999.9,-999.9,-8.840825,-0.968683,0.880231,-14.2827253057799,-10.05997754807298,-0.981899148798543,0.8976350236373658,-1.488232138255986,0.1305339444024962,-1.17940664607789e-01,-1.00000000000000e+00,KOTAMBI-STADIUM-VADODARA,2024-12-27,,R,R,R,West-Indies-Women,India-Women,Seam,1
1735,1,75,West Indies (Women),Mandy Mangru,Titas Sadhu,,33,5,1 (WD),1,0,0,0,0,0,1,1,0,0,0,0,0,0,,,0,32.5,1,1,1,569184,9.0,25.0,1,0,,,Knuckleball,106.0,BACKFOOT PULL SHOT,0,0,6,32,144,6,Outside Off stump,Short of Good Length,0,0,2,0,0,0,0,0,66.40000000000002,-8.203122319021693,8.3405591012624,-0.8397891780337183,1.765978243122421,-0.211147459897589,1.60046060219419,-8.10864293736409,-27.4491697866865,2.59583664452975,-6.75593301431529,9.990334196021955,0.3049697696993026,0.6283656404914161,73.75786910378216,Attacked,Missed,None,0.682937622070312,0.7193069458007812,9.549442,-0.107887,-0.137245848933433,0.0,-8.99882645214567,-24.0994771313335,2.3791268126065,2.3791268126065,-999.9,-999.9,-999.9,-8.840801,0.73463,0.992082,-13.82710462812471,-10.0597899703826,0.861426119884964,1.035712814403821,1.312001861923054,0.2357038841306965,9.88632972128229e-02,-1.00000000000000e+00,KOTAMBI-STADIUM-VADODARA,2024-12-27,,R,R,R,West-Indies-Women,India-Women,Seam,1
1735,1,75,West Indies (Women),Mandy Mangru,Titas Sadhu,,33,5,0,0,0,0,0,0,1,0,0,0,0,0,0,0,0,,,0,32.5,1,1,0,569185,58.5,30.0,0,0,,,Knuckleball,27.0,FORWARD PUSH,0,0,7,32,144,6,Outside Off stump,Good Length,0,0,2,0,0,0,0,0,62.16151924516306,-3.169420797157013,8.34059093870722,-0.8280575019330906,1.863754170084306,-0.194879483545407,0.384137379497832,-8.71266951080887,-25.3343328609029,1.19582656617679,-5.8427045329495,9.049135392698863,0.2206843401885329,0.6328363562040847,82.85701941175942,Defended,Played,None,0.689460754394531,0.6323204040527344,5.281671,-0.284857,-0.126671664304515,0.0,-10.6,-23.2160691626873,1.38208225589426,1.38208225589426,-7.976719,-0.092772,0.45309,-8.840544,-0.040308,0.529886,-12.98671476758498,-10.06002534314452,0.0341886421556804,0.6126900970197497,0.6360993720643192,0.7044110229187526,6.98268019754311e-02,-1.00000000000000e+00,KOTAMBI-STADIUM-VADODARA,2024-12-27,,R,R,R,West-Indies-Women,India-Women,Seam,1
1735,1,75,West Indies (Women),Mandy Mangru,Titas Sadhu,,33,6,4,4,4,0,0,0,0,0,0,0,0,0,1,0,0,,,0,32.6,1,1,0,569187,196.5,-6.0,4,0,,,Knuckleball,106.0,BACKFOOT PULL SHOT,0,0,8,32,148,6,Outside Off stump,Short Length,0,0,2,0,0,0,0,0,64.7589963107338,-10.50804484949456,8.34071619404077,-0.8544083686134293,1.788937417935283,-0.206544472607462,-0.112035563779525,-7.72209354524664,-26.85078143897,1.47553064192237,-7.40245256883013,10.654833497023,0.2546116251098602,0.6057382811014681,75.39957965423419,Attacked,Played,None,0.699050903320312,0.6566619873046875,10.779132,-0.443135,-0.13425390719485,0.0,-10.4346507587146,-23.8335970533394,1.22148256572431,1.22148256572431,-8.129097,0.022032,0.991762,-8.840797,0.060501,1.002656,-15.41292121975026,-10.06009865557766,0.1267886417489664,0.9971445067925722,0.1117521614987608,-0.2115430143231004,7.34597876839449e-03,-1.00000000000000e+00,KOTAMBI-STADIUM-VADODARA,2024-12-27,,R,R,R,West-Indies-Women,India-Women,Seam,1
1735,1,75,West Indies (Women),Aaliyah Alleyne,Deepti Sharma,,34,1,1,1,1,1,0,0,0,0,0,0,0,0,0,0,0,,,0,33.1,1,1,0,569190,123.5,18.0,1,0,,,Knuckleball,27.0,FORWARD PUSH,0,0,1,33,149,6,Off stump,Good Length,1,0,2,0,0,0,0,0,45.44158525585404,2.782237889198126,8.340688562597613,-0.5980666133328212,2.001881428079751,-0.140617752066814,-0.716683663475584,-9.9506814606148,-18.2803077686859,0.326197084098657,-6.33221712557009,12.45348139090742,0.3367482992933352,0.5223673165721641,54.6802675564911,Attacked,Played,None,0.929718017578125,0.8966789245605469,4.238398,-0.164416,-0.0914015388434293,0.0,-10.6,-14.9778038362605,1.33269968646943,1.33269968646943,-8.22002,0.050568,0.431532,-8.840709,0.106724,0.489449,-19.10585748050463,-10.05991062014185,0.2176641702477604,0.5485487463803322,-1.387816527788645,4.062403508288693,-1.62346096201824e-01,-1.00000000000000e+00,KOTAMBI-STADIUM-VADODARA,2024-12-27,,R,R,R,West-Indies-Women,India-Women,Spin,1
1735,1,75,West Indies (Women),Mandy Mangru,Deepti Sharma,,34,2,0,0,0,0,0,0,1,0,0,0,0,0,0,0,0,,,0,33.2,1,1,0,569191,-25.5,30.5,0,0,,,Knuckleball,49.0,FORWARD DEFENCE,0,0,2,33,149,6,Outside Off stump,Good Length,0,0,2,0,0,0,0,0,44.32408028549126,4.005212928488754,8.340972649485884,-0.6042462944627942,1.999410315249534,-0.137507220932377,-0.612664692581332,-10.4930038564184,-17.875938721209,-0.102781003531093,-6.56554461415452,15.39425104672414,0.4392055898385613,0.5597102722473867,50.03598185325187,Defended,Played,None,0.9957275390625,0.902984619140625,4.117758,-0.506112,-0.0893796936060451,0.0,-10.6,-13.3465178237552,0.926195676967652,0.926195676967652,-7.863532,-0.371917,0.458488,-8.840909,-0.302978,0.588334,-20.1674712889993,-10.06005614576275,-0.2163378899711794,0.6682413253118591,-1.373800397973001,4.29916570439184,-1.62156868666917e-01,-1.00000000000000e+00,KOTAMBI-STADIUM-VADODARA,2024-12-27,,R,R,R,West-Indies-Women,India-Women,Spin,1
1735,1,75,West Indies (Women),Mandy Mangru,Deepti Sharma,,34,3,1,1,1,1,0,0,0,0,0,0,0,0,0,0,0,,,0,33.3,1,1,0,569192,141.0,-20.5,1,0,,,Knuckleball,55.0,SWEEP SHOT,0,0,3,33,150,6,Outside Off stump,Good Length,0,1,3,0,0,0,0,0,45.9886704584739,1.585956301206514,8.340847583210497,-0.6762469332163131,1.999396432006157,-0.142817711095178,-0.678770804271345,-9.44121459909108,-18.5663024423732,0.0705901157819383,-6.11912178343223,13.82946062461079,0.2221112215565829,0.6560190944235614,86.19174200787593,Attacked,Played,None,0.885429382324219,0.81536865234375,4.560698,-0.455942,-0.0928315122118659,0.0,-10.6,-16.3069413517168,0.534496716500308,0.534496716500308,-7.235443,-0.398753,0.402375,-8.840694,-0.345365,0.637174,-18.24129709788771,-10.05998889551554,-0.3044804218560272,0.7454810791578623,-1.319722631910305,1.659485367356353,-2.44204246841836e-01,-1.00000000000000e+00,KOTAMBI-STADIUM-VADODARA,2024-12-27,,R,R,R,West-Indies-Women,India-Women,Spin,1
1735,1,75,West Indies (Women),Aaliyah Alleyne,Deepti Sharma,,34,4,0,0,0,0,0,0,1,0,0,0,0,0,0,0,0,,,0,33.4,1,1,0,569194,-32.0,67.5,0,0,,,Knuckleball,27.0,FORWARD PUSH,0,0,4,33,150,6,Leg stump,Full Length,0,0,3,0,0,0,0,0,52.66613364837685,0.7149243576956114,8.340761786599277,-0.5598149799283468,1.973715358318036,-0.161816105020947,-0.44259287388527,-8.93902340534458,-21.0360936527231,0.440729198722537,-5.89434039634179,9.031535867407763,0.1882962002122875,0.5215427569580614,69.40179352248046,Defended,Played,None,0.808570861816406,0.7663536071777344,2.991819,-0.14868,-0.105180468263616,0.0,-10.6,-19.3405199978314,0.665815376112957,0.665815376112957,-8.496,-0.099334,0.233914,-8.84091,-0.087356,0.27337,-15.65294004930755,-10.05995228865523,-0.04483843147461593,0.3857223303434886,-0.6184128731609915,0.7714480648127996,-7.80941703378288e-02,-1.00000000000000e+00,KOTAMBI-STADIUM-VADODARA,2024-12-27,,R,R,R,West-Indies-Women,India-Women,Spin,1
1735,1,75,West Indies (Women),Aaliyah Alleyne,Deepti Sharma,,34,5,0,0,0,0,0,0,1,0,0,0,0,0,0,0,0,,,0,33.5,1,1,0,569195,37.0,-64.5,0,0,,,Knuckleball,54.0,LEG GLANCE,0,0,5,33,150,6,Off stump,Good Length,0,0,3,0,0,0,0,0,44.84521238355747,2.151008162142234,8.340773770563263,-0.6135997983383387,1.974059079866022,-0.139386870014146,-0.602291911574799,-9.68029889261603,-18.1202931018389,0.287423069650897,-6.17224062225073,15.38972974312386,0.4469199340699573,0.6070011241770504,56.35817521956184,Attacked,Missed,None,0.989822387695312,0.9805526733398438,4.771422,-0.253933,-0.0906014655091947,0.0,-10.6,-13.6113186949838,1.46250033783077,1.46250033783077,-8.856154,0.134018,0.656422,-8.840947,0.132345,0.655345,-18.8101710222949,-10.06014298959761,0.2670774902162447,0.6975941992297073,-1.145902684925396,5.224005831912145,-1.29226263930765e-01,-1.00000000000000e+00,KOTAMBI-STADIUM-VADODARA,2024-12-27,,R,R,R,West-Indies-Women,India-Women,Spin,1
1735,1,75,West Indies (Women),Aaliyah Alleyne,Deepti Sharma,,34,6,0 WK,W,0,0,0,0,1,0,0,0,0,0,0,0,1,Caught,WICKET,1,33.6,1,1,0,569198,48.0,42.5,0,0,,,Knuckleball,,,0,0,6,33,150,7,Leg stump,Good Length,1,0,3,0,0,0,0,0,44.87818556502568,1.114184967565028,8.340785888609723,0.7107059193779947,1.977430272519492,-0.140051549176676,-0.476985377578975,-9.43694057223362,-18.2067013929679,-1.19789629135627,-6.07174138528926,13.64485653785949,0.4307591807298616,0.565738371918781,51.78483771483099,None,None,None,0.997844696044922,0.9663276672363281,5.317375,0.002315,-0.0910335069648394,0.0,-10.6,-14.1501782290756,0.147088948339851,0.147088948339851,-8.677056,0.043739,0.579225,-8.840802,0.045487,0.58382,-18.44299468701141,-10.05998752390984,0.05855570856356972,0.5707527926219176,-1.274637001369104,4.359866891435091,-1.33288500095404e-01,-1.00000000000000e+00,KOTAMBI-STADIUM-VADODARA,2024-12-27,,R,R,R,West-Indies-Women,India-Women,Spin,1
1735,1,75,West Indies (Women),Mandy Mangru,Tanuja Kanwar,,35,1,0,0,0,0,0,0,1,0,0,0,0,0,0,0,0,,,0,34.1,1,1,0,569200,13.5,36.5,0,0,,,Knuckleball,50.0,BACKFOOT DEFENCE,0,0,1,34,150,7,Off stump,Good Length,2,0,3,0,0,0,0,0,44.93855910747681,2.525539273451181,8.340605104791297,-0.8845398667988879,1.760173913815197,-0.139866342162963,1.33257993190924,-9.40477277285734,-18.1826244811852,1.5199712780342,-5.75210940080183,13.36726588098539,0.2851602893550182,0.6408777042807348,77.6156267066084,Defended,Played,None,0.969978332519531,0.899688720703125,4.913754,-0.143695,-0.090913122405926,0.0,-10.6,-15.5131909065905,1.1336447193922,1.1336447193922,-8.128674,0.076177,0.558402,-8.84093,0.129264,0.623135,-17.5548707396077,-10.05993261796975,0.2206498040578448,0.6801180669708293,3.124479463553886,-0.5989865656862284,3.51219600701165e-01,-1.00000000000000e+00,KOTAMBI-STADIUM-VADODARA,2024-12-27,,R,R,L,West-Indies-Women,India-Women,Spin,1
1735,1,75,West Indies (Women),Mandy Mangru,Tanuja Kanwar,,35,2,0,0,0,0,0,0,1,0,0,0,0,0,0,0,0,,,0,34.2,1,1,0,569201,-18.0,20.5,0,0,,,Knuckleball,49.0,FORWARD DEFENCE,0,0,2,34,150,7,Outside Off stump,Good Length,0,0,3,0,0,0,0,0,45.57858342833997,2.511821923137742,8.340618334368585,-0.9014652333016044,1.749495479178503,-0.141433791474822,1.03902216299214,-9.08766723556406,-18.3863928917268,1.06850658116197,-5.63569673979305,11.43090271493721,0.3499617592125601,0.5502988691742849,57.54865445488673,Defended,Played,None,0.955192565917969,0.8622665405273438,4.497596,-0.401971,-0.0919319644586342,0.0,-10.6,-15.3381204697531,0.815668079596398,0.815668079596398,-7.754611,-0.284619,0.38236,-8.84094,-0.225885,0.468381,-17.04106360940833,-10.06004629088317,-0.1595072763006055,0.4994426274997764,2.41932330690351,-0.2818723718139214,2.79336720839976e-01,-1.00000000000000e+00,KOTAMBI-STADIUM-VADODARA,2024-12-27,,R,R,L,West-Indies-Women,India-Women,Spin,1
1735,1,75,West Indies (Women),Mandy Mangru,Tanuja Kanwar,,35,3,0,0,0,0,0,0,1,0,0,0,0,0,0,0,0,,,0,34.3,1,1,0,569202,-18.0,20.5,0,0,,,Knuckleball,56.0,REVERSE SWEEP,0,0,3,34,150,7,Off stump,Good Length,0,0,3,0,0,0,0,0,45.82242971660289,2.182012041591791,8.34101050755681,-0.8331903604383493,1.72895835596017,-0.14254344067701,1.04310632411086,-9.24844282142448,-18.5306472880114,1.41434224520478,-5.6385105108163,12.57878795827486,0.323489215833583,0.6175182240111228,70.27881201831013,Attacked,Missed,None,0.945831298828125,0.8409576416015625,4.884124,-0.102869,-0.0926532364400568,0.0,-10.6,-15.60418287584,0.968252374336129,0.968252374336129,-7.454233,0.03947,0.440306,-8.840783,0.127052,0.570941,-16.92397088254341,-10.06012384990448,0.20468416089149,0.6142264886977366,2.43149857907511,-0.8139113687150576,3.17905922493254e-01,-1.00000000000000e+00,KOTAMBI-STADIUM-VADODARA,2024-12-27,,R,R,L,West-Indies-Women,India-Women,Spin,1
1735,1,75,West Indies (Women),Mandy Mangru,Tanuja Kanwar,,35,4,1,1,1,1,0,0,0,0,0,0,0,0,0,0,0,,,0,34.4,1,1,0,569203,-32.5,-85.0,1,0,,,Knuckleball,44.0,GLIDE,0,0,4,34,151,7,Outside Off stump,Good Length,0,0,3,0,0,0,0,0,45.89018798796896,1.994638822478862,8.340830882851922,-0.8956494575381592,1.734730380244401,-0.143886967453811,0.96940616409409,-9.15860265541188,-18.7053057689955,0.533734570840276,-5.61267070212724,14.14686048394304,0.382264896439282,0.6786156495549991,73.56585778932167,Attacked,Played,None,0.954757690429688,0.9447212219238281,4.802793,-0.75833,-0.0935265288449773,0.0,-10.6,-15.1113334225157,0.0461195144696973,0.0461195144696973,-9.040228,-0.746647,0.667943,-8.840647,-0.74727,0.651788,-16.70227627012338,-10.05986416224471,-0.7434501188724159,0.7203651914301569,2.01297511554883,-1.459561125502899,2.14862088454503e-01,-1.00000000000000e+00,KOTAMBI-STADIUM-VADODARA,2024-12-27,,R,R,L,West-Indies-Women,India-Women,Spin,1
1735,1,75,West Indies (Women),Afy Fletcher,Tanuja Kanwar,,35,5,1,1,1,1,0,0,0,0,0,0,0,0,0,0,0,,,0,34.5,1,1,0,569205,91.0,-18.0,1,0,,,Knuckleball,40.0,FRONTFOOT FLICK,0,0,5,34,152,7,Off stump,Good Length,0,0,3,0,0,0,0,0,44.16170238245542,2.294524536466212,8.34067521201544,-0.8397461153578001,1.754173923641233,-0.139157173042848,0.721178866127104,-9.10888338960518,-18.0904324955703,1.16102037124369,-5.64195368270117,10.11064113843106,0.3280860776528702,0.4848542535549079,49.91953026794917,Attacked,Played,None,0.986434936523438,0.8963470458984375,4.956502,-0.199017,-0.0904521624778515,0.0,-10.6,-15.3406481744279,1.08707622810056,1.08707622810056,-7.980508,0.006604,0.369806,-8.840843,0.068782,0.394251,-17.32139504135837,-10.06015372738534,0.1574587059075346,0.3691180491558966,1.804184833570001,0.3812127031550803,2.05536943857618e-01,-1.00000000000000e+00,KOTAMBI-STADIUM-VADODARA,2024-12-27,,R,R,L,West-Indies-Women,India-Women,Spin,1
1735,1,75,West Indies (Women),Mandy Mangru,Tanuja Kanwar,,35,6,0,0,0,0,0,0,1,0,0,0,0,0,0,0,0,,,0,34.6,1,1,0,569207,-7.0,45.5,0,0,,,Knuckleball,49.0,FORWARD DEFENCE,0,0,6,34,152,7,Outside Off stump,Good Length,0,0,3,0,0,0,0,0,46.38166022824589,1.817952116489723,8.34090589250674,-0.8284256267110479,1.747040065798739,-0.144448312656119,1.04302303024408,-9.30336424945109,-18.7782806452954,1.11608108373704,-5.67816623285027,10.87083729137174,0.3036929572620111,0.5454434639899102,61.44722387228543,Defended,Played,None,0.899368286132812,0.8672447204589844,4.962317,-0.310222,-0.0938914032264771,0.0,-10.6,-16.1273120245313,0.785419757289124,0.785419757289124,-8.074845,-0.163959,0.430448,-8.840813,-0.125911,0.472419,-16.8242379793478,-10.06007096671611,-0.06498790488339726,0.4878209283831385,2.279448144086206,-0.613183588720586,2.54785702748489e-01,-1.00000000000000e+00,KOTAMBI-STADIUM-VADODARA,2024-12-27,,R,R,L,West-Indies-Women,India-Women,Spin,1
1735,1,75,West Indies (Women),Afy Fletcher,Deepti Sharma,,36,1,0,0,0,0,0,0,1,0,0,0,0,0,0,0,0,,,0,35.1,1,1,0,569210,53.5,36.5,0,0,,,Knuckleball,32.0,FORNTFOOT PUNCH,0,0,1,35,152,7,Outside Off stump,Good Length,1,0,3,0,0,0,0,0,46.83459787181144,1.430375300072254,8.340991821899859,-0.574030774348609,1.971144665140088,-0.145395722271108,-0.766804750795102,-9.47565647754491,-18.9014438952441,0.150578702728482,-6.08608348006295,13.03320696671518,0.3412362634399924,0.5926614065713328,64.77558464170069,Defended,Played,None,0.910022735595703,0.8562469482421875,4.527424,-0.282536,-0.0945072194762205,0.0,-10.6,-15.5823678401665,0.612896003747157,0.612896003747157,-7.989144,-0.185186,0.470245,-8.840657,-0.151097,0.560822,-17.84806018062346,-10.0599687896679,-0.1019710660855398,0.6336778839427941,-1.420072293763003,1.795996213406743,-1.62953839749891e-01,-1.00000000000000e+00,KOTAMBI-STADIUM-VADODARA,2024-12-27,,R,R,R,West-Indies-Women,India-Women,Spin,1
1735,1,75,West Indies (Women),Afy Fletcher,Deepti Sharma,,36,2,0,0,0,0,0,0,1,0,0,0,0,0,0,0,0,,,0,35.2,1,1,0,569212,-39.5,40.0,0,0,,,Knuckleball,36.0,CUT SHOT,0,0,2,35,152,7,Outside Off stump,Good Length,0,0,3,0,0,0,0,0,45.13999282592273,1.093590174084158,8.340877129027472,-0.5990905965243903,1.997463006313957,-0.140855547790933,-0.937770530733948,-9.42442935531846,-18.3112212128212,-0.494493686922248,-6.09890781765154,13.9918475850496,0.3287768645470007,0.615975173424112,69.51858955891673,Defended,Played,None,0.940876007080078,0.9627227783203125,5.172088,-0.717358,-0.0915561060641061,0.0,-10.6,-15.0767432859366,0.15847325753414,0.15847325753414,-8.978159,-0.673822,0.663979,-8.840805,-0.675302,0.655629,-18.42133870594172,-10.06007267252117,-0.6621207898174903,0.6974566434595164,-1.974856505923845,2.149113806059255,-2.15187492273026e-01,-1.00000000000000e+00,KOTAMBI-STADIUM-VADODARA,2024-12-27,,R,R,R,West-Indies-Women,India-Women,Spin,1
1735,1,75,West Indies (Women),Afy Fletcher,Deepti Sharma,,36,3,0 WK,W,0,0,0,0,1,0,0,0,0,0,0,0,1,Caught,WICKET,1,35.3,1,1,0,569215,54.0,52.0,0,0,,,Knuckleball,27.0,FORWARD PUSH,0,0,3,35,152,8,Outside Off stump,Full Length,1,0,3,0,0,0,0,0,44.71863004800995,3.430220722446279,8.34101688162912,-0.5647973816191394,2.002845543727193,-0.137748410389647,-0.668919102597604,-9.51636749787411,-17.9072933506541,0.154403636186171,-6.24361406658332,16.72457038682492,0.4326961880755724,0.6463297916742318,63.67984994357752,None,None,None,0.970172882080078,0.8773269653320312,3.621302,-0.239722,-0.0895364667532703,0.0,-10.6,-13.4298743770873,0.903834538969418,0.903834538969418,-7.717378,-0.153298,0.367141,-8.840895,-0.076745,0.585065,-19.22178311242579,-10.06004891496351,0.006986285326374547,0.7363535767589673,-1.451095682062119,3.356202819743291,-1.76774947424136e-01,-1.00000000000000e+00,KOTAMBI-STADIUM-VADODARA,2024-12-27,,R,R,R,West-Indies-Women,India-Women,Spin,1
1735,1,75,West Indies (Women),Ashmini Munisar,Deepti Sharma,,36,4,0,0,0,0,0,0,1,0,0,0,0,0,0,0,0,,,0,35.4,1,1,0,569217,-19.5,52.0,0,0,,,Knuckleball,49.0,FORWARD DEFENCE,0,0,4,35,152,8,Middle stump,Good Length,2,0,3,0,0,0,0,0,47.87198909876127,-0.4910521445871601,8.340800395128422,-0.6025119440968996,1.958061268546591,-0.149743294275687,-0.779670315545923,-9.21604955925481,-19.4666282558393,0.337645916298581,-5.96302013359572,12.57020206427596,0.3464940418171797,0.6033635829189871,65.85513325613007,Defended,Played,None,0.920024871826172,0.8322601318359375,5.600892,-0.237437,-0.0973331412791967,0.0,-10.6,-16.1353542817584,0.831504301484891,0.831504301484891,-7.735979,-0.066878,0.545772,-8.840678,-0.008604,0.619511,-17.03088096741848,-10.05994999773311,0.05618001726417771,0.6403735675950314,-1.220073739028245,1.956330149714355,-1.29654919211525e-01,-1.00000000000000e+00,KOTAMBI-STADIUM-VADODARA,2024-12-27,,R,R,R,West-Indies-Women,India-Women,Spin,1
1735,1,75,West Indies (Women),Ashmini Munisar,Deepti Sharma,,36,5,0,0,0,0,0,0,1,0,0,0,0,0,0,0,0,,,0,35.5,1,1,0,569218,-13.0,29.5,0,0,,,Knuckleball,49.0,FORWARD DEFENCE,0,0,5,35,152,8,Outside Off stump,Good Length,0,0,3,0,0,0,0,0,46.66619564034183,1.861372344006013,8.340835993529687,-0.5573331659504024,1.990186432331086,-0.144258004880915,-0.707686571563987,-9.19267209906864,-18.7535406345189,0.326201991556392,-6.02406612255164,15.88085335883571,0.428944062467496,0.6796170773231207,69.0481553517185,Defended,Played,None,0.94097900390625,0.8398590087890625,3.985552,-0.131517,-0.0937677031725946,0.0,-10.6,-14.3905529801605,0.860679915523911,0.860679915523911,-7.662048,-0.03607,0.430136,-8.840708,0.035439,0.636036,-17.80820603141805,-10.05995751642708,0.1100007927583778,0.7728023355309117,-1.318141721338681,2.42619630715657,-1.65405923562493e-01,-1.00000000000000e+00,KOTAMBI-STADIUM-VADODARA,2024-12-27,,R,R,R,West-Indies-Women,India-Women,Spin,1
1735,1,75,West Indies (Women),Ashmini Munisar,Deepti Sharma,,36,6,0,0,0,0,0,0,1,0,0,0,0,0,0,0,0,,,0,35.6,1,1,0,569220,-38.0,70.0,0,0,,,Knuckleball,27.0,FORWARD PUSH,0,0,6,35,152,8,Leg stump,Good Length,0,0,3,0,0,0,0,0,46.9616509515701,2.025052706289493,8.340569807154132,0.7533466695139457,1.996063810755615,-0.146235854246728,-0.653716163315108,-9.43259827576167,-19.0106610520746,-1.32517188135931,-6.12092452641354,13.38354806110438,0.3687605094935962,0.6000768755996787,63.13548039059219,Defended,Played,None,0.913295745849609,0.81884765625,3.79343,-0.038303,-0.095053305260373,0.0,-10.6,-15.4374075088122,-0.489614680065862,-0.489614680065862,-7.660208,-0.082695,0.329181,-8.84093,-0.120606,0.507394,-17.84717041445333,-10.05993137491029,-0.1600410113316993,0.625335019834001,-1.687976802712202,2.170863080068347,-2.05296005993405e-01,-1.00000000000000e+00,KOTAMBI-STADIUM-VADODARA,2024-12-27,,R,R,R,West-Indies-Women,India-Women,Spin,1
1735,1,75,West Indies (Women),Mandy Mangru,Tanuja Kanwar,,37,1,1,1,1,1,0,0,0,0,0,0,0,0,0,0,0,,,0,36.1,1,1,0,569222,-33.0,-70.5,1,0,,,Knuckleball,27.0,FORWARD PUSH,0,0,1,36,153,8,,,1,0,3,0,0,0,0,0,44.870994,2.33950045393454,8.340678865944774,-0.9617209114464378,1.747364618515656,-0.139780020012376,1.07657910274033,-9.29395936115655,-18.1714026016089,0.829387343576916,-5.69495157633038,11.05386461687427,0.2477722977222744,0.5487617949848429,67.537039475499,Attacked,Played,None,0.602645874023438,0.9560623168945312,5.020393,-0.644847,-0.363428052032178,0.0,-10.6,-15.9973068181266,0.494185696063011,0.494185696063011,-8.938578,-0.518729,0.49099,-8.840679,-0.522043,0.487935,-17.40108867228356,-10.06007758166164,-0.4801752640325092,0.4914998801360604,2.399301220140095,-0.8438986897667459,2.66764242737672e-01,-1.00000000000000e+00,KOTAMBI-STADIUM-VADODARA,2024-12-27,,R,R,L,West-Indies-Women,India-Women,Spin,1
1735,1,75,West Indies (Women),Ashmini Munisar,Tanuja Kanwar,,37,2,0,0,0,0,0,0,1,0,0,0,0,0,0,0,0,,,0,36.2,1,1,0,569223,-18.0,80.0,0,0,,,Knuckleball,27.0,FORWARD PUSH,0,0,2,36,153,8,Middle stump,Full Length,0,0,3,0,0,0,0,0,53.3753080820556,1.660948373567266,8.340644872881604,-0.7116441164205145,1.661805930086158,-0.164074865085118,-0.120059745344981,-9.01551590899496,-21.3297324610654,0.970685350905818,-5.47303060116985,12.67484021189911,0.3130160419870159,0.7529936279659316,91.64743999618815,Defended,Played,None,0.806007385253906,0.74652099609375,2.965284,-0.019802,-0.106648662305327,0.0,-10.6,-18.3245322228189,0.940925982900815,0.940925982900815,-8.239893,0.039197,0.264681,-8.840848,0.070317,0.373202,-14.39114447397724,-10.05991403458077,0.1337837201991988,0.5585872382600486,0.0794464332509201,0.3337851019222582,1.61256049426867e-02,-1.00000000000000e+00,KOTAMBI-STADIUM-VADODARA,2024-12-27,,R,R,L,West-Indies-Women,India-Women,Spin,1
1735,1,75,West Indies (Women),Ashmini Munisar,Tanuja Kanwar,,37,3,0,0,0,0,0,0,1,0,0,0,0,0,0,0,0,,,0,36.3,1,1,0,569224,-0.5,48.0,0,0,,,Knuckleball,36.0,CUT SHOT,0,0,3,36,153,8,Outside Off stump,Good Length,0,0,3,0,0,0,0,0,45.52591165601507,1.796462448083416,8.34057998245881,-0.9079096423153972,1.710499216194054,-0.14220598226799,0.936672501693622,-9.34790408150844,-18.4867776948386,0.877005863778025,-5.64134802061292,9.830816281199764,0.3133332603985315,0.4871483238542403,51.7389225382829,Attacked,Played,None,0.920745849609375,0.9724273681640625,5.369937,-0.530121,-0.0924338884741932,0.0,-10.6,-15.8593651728572,0.78644070728846,0.78644070728846,-9.393222,-0.293643,0.377174,-8.840682,-0.321768,0.386102,-16.96987413820433,-10.06001827241763,-0.2595773051884794,0.3482061681276728,2.018020108636132,0.1228270014504097,2.15261654365083e-01,-1.00000000000000e+00,KOTAMBI-STADIUM-VADODARA,2024-12-27,,R,R,L,West-Indies-Women,India-Women,Spin,1
1735,1,75,West Indies (Women),Ashmini Munisar,Tanuja Kanwar,,37,4,0,0,0,0,0,0,1,0,0,0,0,0,0,0,0,,,0,36.4,1,1,0,569225,-88.5,-14.5,0,0,,,Knuckleball,36.0,CUT SHOT,0,0,4,36,153,8,Outside Off stump,Good Length,0,0,3,0,0,0,0,0,46.32897869219961,3.072781042906796,8.340776843077855,-0.9491734379668371,1.72976410087167,-0.143099716636369,1.23729978640335,-9.21388043783333,-18.602963162728,1.04960270183761,-5.70539154392088,11.87700645378285,0.2589787066989626,0.5991584773561713,73.97590093352945,Defended,Played,None,0.936630249023438,0.9518508911132812,3.885429999999999,-0.51128,-0.0930148158136401,0.0,-10.6,-16.2539558494071,0.714970554692602,0.714970554692602,-9.589017,-0.3596,0.516883,-8.840735,-0.393098,0.450447,-17.05039024369476,-10.06017760754048,-0.3384330386189514,0.5468659853911865,2.857003586394671,-0.7106032530513671,3.48302963982026e-01,-1.00000000000000e+00,KOTAMBI-STADIUM-VADODARA,2024-12-27,,R,R,L,West-Indies-Women,India-Women,Spin,1
1735,1,75,West Indies (Women),Ashmini Munisar,Tanuja Kanwar,,37,5,4,4,4,0,0,0,0,0,0,0,0,0,1,0,0,,,0,36.5,1,1,0,569227,-182.5,108.5,4,0,,,Knuckleball,36.0,CUT SHOT,0,0,5,36,157,8,Outside Off stump,Good Length,0,0,3,0,0,0,0,0,41.10232715202076,3.637275089480805,8.340661818478367,-0.8880945731800296,1.794497460100734,-0.128222292184479,0.987323076766214,-9.51912724798038,-16.6688979839823,0.872638751968259,-5.9123466595075,14.28797361754359,0.3390707551723112,0.5821383399149693,63.4136754700143,Attacked,Played,None,1.08364105224609,1.092990875244141,5.396442,-0.512173,-0.0833444899199113,0.0,-10.6,-13.5145850239303,0.382803511928872,0.382803511928872,-9.317999,-0.378406,0.585306,-8.840771,-0.392302,0.587842,-19.52925562449677,-10.06014825010286,-0.3567119117602314,0.5534208559207336,2.563963423210113,-1.374292375795439,2.77531301114292e-01,-1.00000000000000e+00,KOTAMBI-STADIUM-VADODARA,2024-12-27,,R,R,L,West-Indies-Women,India-Women,Spin,1
1735,1,75,West Indies (Women),Ashmini Munisar,Tanuja Kanwar,,37,6,0,0,0,0,0,0,1,0,0,0,0,0,0,0,0,,,0,36.6,1,1,0,569228,-1.0,61.0,0,0,,,Knuckleball,49.0,FORWARD DEFENCE,0,0,6,36,157,8,Off stump,Full Length,0,0,3,0,0,0,0,0,45.46466650101391,4.054787690308059,8.340680326128101,-0.9191445214939966,1.758985102073202,-0.14034847358745,1.19995736064499,-9.68996682740427,-18.2453015663685,1.37172199161079,-5.96066593493625,12.73085097217123,0.3479388757280331,0.5693137540691926,60.60317553757559,Defended,Played,None,0.961006164550781,0.8592453002929688,3.69229,-0.221484,-0.0912265078318425,0.0,-10.6,-15.0203833210658,0.8083543555957,0.8083543555957,-7.796385,-0.144261,0.308437,-8.840837,-0.087378,0.449732,-18.09200484079881,-10.06002367179711,-0.02051224541586466,0.5487073237597104,3.015302625033057,-1.219010001049371,3.67762797905813e-01,-1.00000000000000e+00,KOTAMBI-STADIUM-VADODARA,2024-12-27,,R,R,L,West-Indies-Women,India-Women,Spin,1
1735,1,75,West Indies (Women),Mandy Mangru,Deepti Sharma,,38,1,1,1,1,1,0,0,0,0,0,0,0,0,0,0,0,,,0,37.1,1,1,0,569230,151.0,-30.0,1,0,,,Knuckleball,55.0,SWEEP SHOT,0,0,1,37,158,8,Outside Off stump,Good Length,1,0,3,0,0,0,0,0,47.18668055752272,1.920377983354603,8.340769738987504,-0.5867191323372637,1.982867247613755,-0.146791536293049,-1.2449453189085,-9.01815111716955,-19.0828997180964,-0.34701942770913,-5.9679814673544,13.38268910617735,0.3936033647037147,0.6094854902628803,62.06248706906058,Attacked,Played,None,0.919097900390625,0.7850074768066406,3.465277,-0.502144,-0.0954144985904819,0.0,-10.6,-15.2886875029792,0.713876360229263,0.713876360229263,-7.268018,-0.47064,0.186554,-8.840829,-0.396524,0.458497,-17.36653881496474,-10.05990551635063,-0.3385687126797124,0.5915443318806337,-2.590824924895373,3.715175968819808,-3.19154698130827e-01,-1.00000000000000e+00,KOTAMBI-STADIUM-VADODARA,2024-12-27,,R,R,R,West-Indies-Women,India-Women,Spin,1
1735,1,75,West Indies (Women),Ashmini Munisar,Deepti Sharma,,38,2,0,0,0,0,0,0,1,0,0,0,0,0,0,0,0,,,0,37.2,1,1,0,569232,2.5,44.0,0,0,,,Knuckleball,49.0,FORWARD DEFENCE,0,0,2,37,158,8,Off stump,Full Length,0,0,3,0,0,0,0,0,46.99528104673667,2.018743356775424,8.3406513915433,-0.5655410116831181,1.97602251435897,-0.145179619428937,-0.880723574051517,-9.33479686933624,-18.8733505257619,0.171816177313925,-6.06258174584744,12.6071458953022,0.2896940926819118,0.5927280421343694,69.93979705196422,Defended,Played,None,0.928436279296875,0.8298110961914062,3.894254999999999,-0.206522,-0.0943667526288093,0.0,-10.6,-16.0668129332683,0.567541873367588,0.567541873367588,-7.782889,-0.149125,0.345817,-8.840972,-0.111272,0.490413,-17.80828843932868,-10.06012840263419,-0.06735966991887041,0.59907606235442,-1.699232759789667,1.501481303778047,-2.05638817997996e-01,-1.00000000000000e+00,KOTAMBI-STADIUM-VADODARA,2024-12-27,,R,R,R,West-Indies-Women,India-Women,Spin,1
1735,1,75,West Indies (Women),Ashmini Munisar,Deepti Sharma,,38,3,0,0,0,0,0,0,1,0,0,0,0,0,0,0,0,,,0,37.3,1,1,0,569233,13.0,36.5,0,0,,,Knuckleball,49.0,FORWARD DEFENCE,0,0,3,37,158,8,Outside Off stump,Full Length,0,0,3,0,0,0,0,0,42.37738334221982,5.376968860781897,8.34064749043647,-0.5656826623365346,2.021921775161836,-0.130080962964869,-0.77156771543146,-9.96090520379166,-16.910525185433,0.0724178076024114,-6.53114508635144,17.76121153531888,0.3991420833586099,0.6198940435859174,63.06989820202662,Defended,Played,None,1.04248809814453,0.9171295166015625,3.508084999999999,-0.237114,-0.0845526259271651,0.0,-10.6,-12.6393601932747,1.10822015637311,1.10822015637311,-7.601777,-0.144737,0.339379,-8.840844,-0.034868,0.60107,-21.11744609346725,-10.06010468372086,0.07415124548037816,0.7577571799074645,-1.929359467235207,4.765521523584243,-2.36855526501383e-01,-1.00000000000000e+00,KOTAMBI-STADIUM-VADODARA,2024-12-27,,R,R,R,West-Indies-Women,India-Women,Spin,1
1735,1,75,West Indies (Women),Ashmini Munisar,Deepti Sharma,,38,4,0,0,0,0,0,0,1,0,0,0,0,0,0,0,0,,,0,37.4,1,1,0,569235,-47.0,-60.0,0,0,,,Knuckleball,27.0,FORWARD PUSH,0,0,4,37,158,8,Leg stump,Full Length,0,0,3,0,0,0,0,0,46.45931003626412,2.385563967629308,8.340773793488466,0.7369683417448245,1.993159881799065,-0.144445333665577,-0.967707970053869,-9.49554091063989,-18.7778933765251,-1.46545248148327,-6.16016363771959,12.52424702869359,0.3427247893027758,0.5597837918962323,59.69508985415726,Defended,Edged,None,0.924522399902344,0.8383827209472656,3.726376,-0.082828,-0.0938894668826254,0.0,-10.6,-15.52345382846,-0.757204934904689,-0.757204934904689,-7.847263,-0.157,0.32182,-8.840719,-0.206056,0.455709,-18.16228552831883,-10.06013597238491,-0.266680012451434,0.5597089061081542,-2.409883424544148,1.669829147075969,-2.93750484846730e-01,-1.00000000000000e+00,KOTAMBI-STADIUM-VADODARA,2024-12-27,,R,R,R,West-Indies-Women,India-Women,Spin,1
1735,1,75,West Indies (Women),Ashmini Munisar,Deepti Sharma,,38,5,0,0,0,0,0,0,1,0,0,0,0,0,0,0,0,,,0,37.5,1,1,0,569236,2.0,31.0,0,0,,,Knuckleball,49.0,FORWARD DEFENCE,0,0,5,37,158,8,Off stump,Good Length,0,0,3,0,0,0,0,0,43.79697170768785,2.547925057043205,8.340665650719359,0.7037689874111813,1.998578052455675,-0.137612340078443,-0.599113945235496,-10.0082260693469,-17.8896042101976,-1.32166071937598,-6.33136519849475,13.39677907629499,0.3497873392056842,0.546009103754672,56.9226316426324,Defended,Played,None,1.00279998779297,0.886871337890625,4.851592,-0.092935,-0.0894480210509878,0.0,-10.6,-14.5145152442861,-0.0101278675403906,-0.0101278675403906,-7.606075,-0.094621,0.46305,-8.840776,-0.095498,0.569967,-19.489538169959,-10.06013972226369,-0.09637206064263687,0.5973051432709187,-1.645520787330788,4.185282106549501,-1.68246326490867e-01,-1.00000000000000e+00,KOTAMBI-STADIUM-VADODARA,2024-12-27,,R,R,R,West-Indies-Women,India-Women,Spin,1
1735,1,75,West Indies (Women),Ashmini Munisar,Deepti Sharma,,38,6,0 WK,W,0,0,0,0,1,0,0,0,0,0,0,0,1,Bowled,WICKET,1,37.6,1,1,0,569239,2.0,31.0,0,0,,,Knuckleball,40.0,FRONTFOOT FLICK,0,0,6,37,158,9,Leg stump,Yorker,1,0,3,0,0,0,0,0,51.71801857716611,1.510231443541049,8.340602087075276,0.7105995188116703,1.9845722086075,-0.158508627462841,-0.561916514865265,-9.18094281381895,-20.6061215701693,-1.02082076368733,-6.0159084337178,11.31150194692641,0.2153378514083236,0.6158316473756668,80.84096196551765,None,None,None,0.821067810058594,0.8655166625976562,2.647361,0.120269,-0.103030607850846,0.0,-10.6,-18.5212958025535,-0.790509023876615,-0.790509023876615,-999.9,-999.9,-999.9,-8.840882,0.059067,0.288846,-16.27503971594833,-10.06007772282176,0.006433141809146795,0.4573798406297902,-1.3104168419841,0.3921334731347983,-1.70679958062045e-01,-1.00000000000000e+00,KOTAMBI-STADIUM-VADODARA,2024-12-27,,R,R,R,West-Indies-Women,India-Women,Spin,1
1735,1,75,West Indies (Women),Mandy Mangru,Renuka Singh,,39,1,1,1,1,1,0,0,0,0,0,0,0,0,0,0,0,,,0,38.1,1,1,0,569241,-65.5,-112.5,1,0,,38.0,STRAIGHT BALL,36.0,CUT SHOT,0,0,1,38,159,9,Outside Off stump,Short of Good Length,2,0,3,0,0,0,0,0,58.06528481471596,-4.046590898463051,8.3406831005728,-0.9913375495932097,1.843479854640805,-0.183132784209214,-0.200247579039225,-8.65488644799445,-23.8072619471979,0.679040485391073,-5.8934852886723,9.339389313669129,0.252766449432748,0.5972862148364855,74.31628728219803,Attacked,Edged,None,0.749141693115234,0.7408561706542969,6.744224,-0.650924,-0.119036309735989,0.0,-10.6,-21.4036785311701,1.20383109453939,1.20383109453939,-9.043495,-0.323531,0.596819,-8.840857,-0.335296,0.590084,-13.90404471307094,-10.06022941794329,-0.2642908146381722,0.6153470464365963,-0.07284277026926826,1.585388373100219,-8.65981996766535e-03,-1.00000000000000e+00,KOTAMBI-STADIUM-VADODARA,2024-12-27,,R,L,R,West-Indies-Women,India-Women,Seam,1
1735,1,75,West Indies (Women),Karishma Ramharack,Renuka Singh,,39,2,0,0,0,0,0,0,1,0,0,0,0,0,0,0,0,,,0,38.2,1,1,0,569242,36.5,107.5,0,0,,38.0,STRAIGHT BALL,53.0,FRONTFOOT STRAIGHT DRIVE,0,0,2,38,159,9,Middle stump,Full Length,0,0,3,0,0,0,0,0,58.8221083703576,-1.388589929944487,8.340580168356055,-0.9533214814680029,1.860485540616289,-0.182190802694889,-0.0515750232293417,-9.02852497787721,-23.6848043503356,1.28049482811171,-5.75959397573811,6.991603871092408,0.2438712826124929,0.4600419666833457,54.61916674125257,Attacked,Played,None,0.727546691894531,0.6553573608398438,4.242186,-0.218444,-0.118424021751678,0.0,-10.6,-21.605882069135,1.64769951103865,1.64769951103865,-7.707978,-0.073545,0.237839,-8.840788,0.014024,0.314147,-13.66771064142666,-10.06021993176384,0.1089096155355907,0.3630339229460499,0.2397433324667699,1.266402335931401,3.53204703965678e-02,-1.00000000000000e+00,KOTAMBI-STADIUM-VADODARA,2024-12-27,,L,R,R,West-Indies-Women,India-Women,Seam,1
1735,1,75,West Indies (Women),Karishma Ramharack,Renuka Singh,,39,3,2,2,2,0,1,0,0,0,0,0,0,0,0,0,0,,,0,38.3,1,1,0,569244,-127.0,-57.0,2,0,,38.0,STRAIGHT BALL,40.0,FRONTFOOT FLICK,0,0,3,38,161,9,Outside Leg stump,Good Length,0,0,3,0,0,0,0,0,60.1995231824894,-2.65432235363554,8.340639942104687,-0.8819438182605435,1.84816618650976,-0.18769869619998,-0.881219503589976,-9.06712480085702,-24.4008305059973,0.856121755118765,-5.86582959914532,11.98221345275587,0.2407265497942434,0.7915016376468625,104.652590667605,Attacked,Played,None,0.703971862792969,0.6441764831542969,5.350536,-0.331177,-0.122004152529987,0.0,-10.6,-21.8761121149335,0.662296068913802,0.662296068913802,-7.628378,-0.24208,0.564876,-8.840799,-0.204638,0.729797,-13.51711272832265,-10.05994593109263,-0.1667259720110038,0.8622679071055036,-0.7736019129306526,-0.2753502577320685,-8.66402848815933e-02,-1.00000000000000e+00,KOTAMBI-STADIUM-VADODARA,2024-12-27,,L,R,R,West-Indies-Women,India-Women,Seam,1
1735,1,75,West Indies (Women),Karishma Ramharack,Renuka Singh,,39,4,1,1,1,1,0,0,0,0,0,0,0,0,0,0,0,,,0,38.4,1,1,0,569245,67.0,-90.5,1,0,,38.0,STRAIGHT BALL,44.0,GLIDE,0,0,4,38,162,9,Outside Leg stump,Short of Good Length,0,0,3,0,0,0,0,0,60.159165,-2.65432235363554,8.340639942104687,-0.7674988051283258,1.84816618650976,-0.18769869619998,0.0,-9.06712480085702,-24.4008305059973,0.856121755118765,-5.86582959914532,11.98221345275587,0.2407265497942434,0.7915016376468625,104.652590667605,Defended,Edged,None,0.703971862792969,0.6441764831542969,5.350536,-0.331177,-0.122004152529987,0.0,-10.6,-21.8761121149335,0.662296068913802,0.662296068913802,-999.9,-999.9,-999.9,-8.840799,-0.204638,0.729797,-13.51711272832265,-10.05994593109263,-0.1667259720110038,0.8622679071055036,0.1831860110570223,-0.2753502577320685,-8.66402848815933e-02,-1.00000000000000e+00,KOTAMBI-STADIUM-VADODARA,2024-12-27,,L,R,R,West-Indies-Women,India-Women,Seam,1
1735,1,75,West Indies (Women),Mandy Mangru,Renuka Singh,,39,5,0 WK,W,0,0,0,0,1,0,0,0,0,0,0,0,1,Caught,WICKET,1,38.5,1,1,0,569247,-61.0,41.5,0,0,,38.0,STRAIGHT BALL,51.0,FRONTFOOT COVERDRIVE,0,0,5,38,162,10,Outside Off stump,Full Length,1,0,3,0,0,0,0,0,59.51140233614904,-1.055242732459037,8.340755986189663,-0.9991360672713859,1.865681982392006,-0.183589989788534,1.25982090659393,-8.86068078460278,-23.8666986725095,1.26957716881252,-5.71285341425456,11.44825520419454,0.3189248627782864,0.7345706763440907,88.29311517378497,None,None,None,0.720932006835938,0.6719741821289062,3.542899,-0.469643,-0.119333493362547,0.0,-10.6,-20.7222049566393,0.861488068187999,0.861488068187999,-8.218635,-0.398556,0.347757,-8.840962,-0.37238,0.443795,-13.46132948915131,-10.06004972790651,-0.3208280112357341,0.6043237813504689,1.909789615437224,-0.6643534038372755,2.34973520750466e-01,-1.00000000000000e+00,KOTAMBI-STADIUM-VADODARA,2024-12-27,,R,L,R,West-Indies-Women,India-Women,Seam,1
1735,2,52,India (Women),Smriti Mandhana,Deandra Dottin,,1,1,0,0,0,0,0,0,1,0,0,0,0,0,0,0,0,,,0,0.1,1,1,0,569270,48.5,127.0,0,0,,,Knuckleball,27.0,FORWARD PUSH,0,0,1,0,0,0,Off stump,Full Length,1,0,0,0,0,0,0,0,65.12804358341094,-1.368889103029941,8.340751340627001,-0.5976142529829055,1.930604488253109,-0.20001731640406,1.98551983763729,-9.53658320227503,-26.0022511325278,2.03394085742243,-6.04720037700501,10.93697120001088,0.2126917003574524,0.7597840147295509,102.6984321736874,Attacked,Played,None,0.638969421386719,0.605712890625,2.957453,0.231178,-0.130011255662639,0.0,-10.6,-23.776607645741,1.40805133465588,1.40805133465588,-8.157603,0.293839,0.232632,-8.841032,0.334624,0.347603,-13.09223846631004,-10.06023904655861,0.4077644010343445,0.5315140103025308,2.662005406428093,-1.083567750153583,3.41356402461886e-01,-1.00000000000000e+00,KOTAMBI-STADIUM-VADODARA,2024-12-27,,L,R,R,India-Women,West-Indies-Women,Seam,1
1735,2,52,India (Women),Smriti Mandhana,Deandra Dottin,,1,2,0,0,0,0,0,0,1,0,0,0,0,0,0,0,0,,,0,0.2,1,1,0,569271,48.5,127.0,0,0,,,Knuckleball,27.0,FORWARD PUSH,0,0,2,0,0,0,Off stump,Full Length,0,0,0,0,0,0,0,0,65.01128722389049,-2.855473489409373,8.340764467395665,-0.5603020211090857,1.89333283380758,-0.202080434950567,1.15241299884192,-9.47817654131363,-26.2704565435738,1.58544609940434,-6.09596031049116,9.321968876693028,0.2442601369520689,0.6420190108789121,81.87683793662993,Attacked,Played,None,0.661548614501953,0.6080589294433594,4.854732,0.078734,-0.131352282717869,0.0,-10.6,-23.8423516536331,1.21497107661903,1.21497107661903,-7.986519,0.221559,0.430272,-8.841001,0.265886,0.520543,-13.06406436718248,-10.06010774575052,0.3294981078719397,0.6254353325704988,1.439447451543119,-0.5364787081688929,1.62533987812186e-01,-1.00000000000000e+00,KOTAMBI-STADIUM-VADODARA,2024-12-27,,L,R,R,India-Women,West-Indies-Women,Seam,1
1735,2,52,India (Women),Smriti Mandhana,Deandra Dottin,,1,3,0,0,0,0,0,0,1,0,0,0,0,0,0,0,0,,,0,0.3,1,1,0,569272,91.5,64.0,0,0,,,Knuckleball,36.0,CUT SHOT,0,0,3,0,0,0,Leg stump,Short of Good Length,0,0,0,0,0,0,0,0,65.24099655913484,-7.40861486812078,8.34098031285519,-0.6126465050060972,1.827608533014071,-0.207121750693719,3.15498820310453,-8.58825138272038,-26.9258275901835,2.13631254610723,-6.69489213495288,9.215961948588234,0.240575027914808,0.5905413671941895,74.52370228764762,Attacked,Played,None,0.667579650878906,0.6641921997070312,8.85979,-0.06659,-0.134629137950917,0.0,-10.6,-24.3673153889481,1.99294854403579,1.99294854403579,-8.884487,0.575621,0.764067,-8.84069,0.571881,0.763039,-13.96299037868956,-10.06018673808949,0.6763846471363975,0.777712587319969,2.440986195600844,0.1393060202833975,1.96799103311806e-01,-1.00000000000000e+00,KOTAMBI-STADIUM-VADODARA,2024-12-27,,L,R,R,India-Women,West-Indies-Women,Seam,1
1735,2,52,India (Women),Smriti Mandhana,Deandra Dottin,,1,4,0,0,0,0,0,0,1,0,0,0,0,0,0,0,0,,,0,0.4,1,1,0,569273,91.5,64.0,0,0,,,Knuckleball,105.0,LEFT ALONE,0,0,4,0,0,0,Outside Off stump,Good Length,0,0,0,0,0,0,0,0,63.47199353300726,-5.543101531559904,8.340492864182501,0.7095408087978172,1.833282524267843,-0.201045224381268,2.65398089244315,-10.112602494714,-26.1358791695648,0.267248609565107,-6.6187659584136,11.43534768110035,0.2623098588416696,0.7081303703867886,89.98856967385134,Defended,Played,None,0.6939697265625,0.7358436584472656,7.978638,0.616808,-0.130679395847824,0.0,-10.6,-23.1708914423332,-0.186866869358307,-0.186866869358307,-999.9,-999.9,-999.9,-8.840748,0.561229,0.96358,-14.21106705877475,-10.06015127537597,0.550968544579182,1.031844405194482,2.109180160450134,-1.047913887676963,1.84292957905993e-01,-1.00000000000000e+00,KOTAMBI-STADIUM-VADODARA,2024-12-27,,L,R,R,India-Women,West-Indies-Women,Seam,1
1735,2,52,India (Women),Smriti Mandhana,Deandra Dottin,,1,5,0,0,0,0,0,0,1,0,0,0,0,0,0,0,0,,,0,0.5,1,1,0,569274,-4.5,69.5,0,0,,,Knuckleball,97.0,BACKFOOT PUSH,0,0,5,0,0,0,Outside Off stump,Good Length,0,0,0,0,0,0,0,0,65.2069259532857,-5.282813098991673,8.340541441311757,0.666413217611387,1.837410379888722,-0.205664805618921,2.41300865015528,-9.74670275426819,-26.7364247304597,-0.627974332707583,-6.50368242289853,8.688411459472391,0.223347274714187,0.5746382047588025,73.86100324240167,Defended,Played,None,0.654350280761719,0.6430778503417969,7.476685,0.234356,-0.133682123652298,0.0,-10.6,-24.4562133827706,-0.120644523798255,-0.120644523798255,-8.614386,0.204103,0.639875,-8.841047,0.202946,0.649737,-13.67176794966506,-10.06022461266702,0.1966968692250767,0.6861498766510816,1.764293806308507,1.062850188109016,1.61320965418703e-01,-1.00000000000000e+00,KOTAMBI-STADIUM-VADODARA,2024-12-27,,L,R,R,India-Women,West-Indies-Women,Seam,1
1735,2,52,India (Women),Smriti Mandhana,Deandra Dottin,,1,6,0,0,0,0,0,0,1,0,0,0,0,0,0,0,0,,,0,0.6,1,1,0,569275,-4.5,69.5,0,0,,,Knuckleball,50.0,BACKFOOT DEFENCE,0,0,6,0,0,0,Outside Off stump,Good Length,0,0,0,0,0,0,0,0,69.2601978591077,-5.800300761711906,8.340545488905143,0.8304701311833993,1.825869541947669,-0.217931223907948,0.607616550445927,-8.26290888302159,-28.3310591080333,-1.00530925687873,-6.26758324233461,9.313938120843527,0.2805041224348787,0.6643027536969373,81.59500081105273,Defended,Missed,None,0.63006591796875,0.6683921813964844,7.171976,0.404405,-0.141655295540166,0.0,-10.6,-25.3866979633405,-1.35639123986129,-1.35639123986129,-999.9,-999.9,-999.9,-8.841077,0.080935,0.731821,-12.47443454769496,-10.06026827565801,0.01331868102160721,0.800190583338434,0.2679611390697081,-1.026109388352134,2.49469148345848e-02,-1.00000000000000e+00,KOTAMBI-STADIUM-VADODARA,2024-12-27,,L,R,R,India-Women,West-Indies-Women,Seam,1
1735,2,52,India (Women),Pratika Rawal,Aaliyah Alleyne,,2,1,0,0,0,0,0,0,1,0,0,0,0,0,0,0,0,,,0,1.1,1,1,0,569276,18.0,15.0,0,0,,,Knuckleball,50.0,BACKFOOT DEFENCE,0,0,1,1,0,0,Outside Off stump,Short of Good Length,1,0,0,0,0,0,0,0,65.21602566548187,-6.613533369203778,8.340674593811684,-0.5587135847596439,1.817636956178867,-0.206835844204046,0.487760019780765,-9.19877226508656,-26.8886597465259,0.923305443147309,-6.64127882242154,10.83880401734414,0.2540232031420518,0.6925375093937258,88.4783060948537,Defended,Played,None,0.680809020996094,0.6474037170410156,8.435665,-0.260112,-0.13444329873263,0.0,-10.6,-24.022155770991,1.13873598220475,1.13873598220475,-8.464062,0.070484,0.921164,-8.840931,0.089081,0.944605,-13.87391120057908,-10.06011901394825,0.1495220382551503,1.001267889733045,0.4843431273429873,0.7473375449919337,4.02263556178111e-02,-1.00000000000000e+00,KOTAMBI-STADIUM-VADODARA,2024-12-27,,R,L,R,India-Women,West-Indies-Women,Seam,1
1735,2,52,India (Women),Pratika Rawal,Aaliyah Alleyne,,2,2,4,4,4,0,0,0,0,0,0,0,0,0,1,0,0,,,0,1.2,1,1,0,569277,205.5,8.5,4,0,,,Knuckleball,106.0,BACKFOOT PULL SHOT,0,0,2,1,4,0,Outside Off stump,Short of Good Length,0,0,0,0,0,0,0,0,65.50377248285703,-7.364566997180045,8.340673889824462,-0.5947893194806173,1.780426005413575,-0.209741629262444,1.51278362039274,-8.78077869339077,-27.2664118041177,1.21065986750101,-6.69865746145869,10.29498642525673,0.2935944327383207,0.6515765453455359,78.37703852799831,Attacked,Played,None,0.687801361083984,0.63922119140625,9.009878,-0.275842,-0.136332059020589,0.0,-10.6,-24.02927922212,0.873190510650934,0.873190510650934,-8.267568,-0.008049,0.878452,-8.841003,0.013715,0.902922,-13.80274346559879,-10.05982052247169,0.0602223222769529,0.9331397798774964,1.155865459801915,-0.4611952742455812,9.15879927894273e-02,-1.00000000000000e+00,KOTAMBI-STADIUM-VADODARA,2024-12-27,,R,L,R,India-Women,West-Indies-Women,Seam,1
1735,2,52,India (Women),Pratika Rawal,Aaliyah Alleyne,,2,3,1 (WD),1,0,0,0,0,0,1,1,0,0,0,0,0,0,,,0,1.3,1,1,1,569278,205.5,8.5,1,0,,,Knuckleball,105.0,LEFT ALONE,0,0,3,1,5,0,Wide outside Off stump,Good Length,0,0,0,0,0,0,0,0,66.00064357051798,-7.364566997180045,8.340673889824462,-0.6784321811395108,1.780426005413575,-0.209741629262444,0.0,-8.78077869339077,-27.2664118041177,1.21065986750101,-6.69865746145869,10.29498642525673,0.2935944327383207,0.6515765453455359,78.37703852799831,None,None,None,0.681049346923828,0.63922119140625,9.009878,-0.275842,-0.136332059020589,0.0,-10.6,-24.02927922212,0.873190510650934,0.873190510650934,-999.9,-999.9,-999.9,-8.841003,0.013715,0.902922,-13.80274346559879,-10.05982052247169,0.0602223222769529,0.9331397798774964,0.1710747997183188,-0.4611952742455812,9.15879927894273e-02,-1.00000000000000e+00,KOTAMBI-STADIUM-VADODARA,2024-12-27,,R,L,R,India-Women,West-Indies-Women,Seam,1
1735,2,52,India (Women),Pratika Rawal,Aaliyah Alleyne,,2,3,0,0,0,0,0,0,1,0,0,0,0,0,0,0,0,,,0,1.3,1,1,0,569279,-32.0,23.0,0,0,,,Knuckleball,49.0,FORWARD DEFENCE,0,0,4,1,5,0,Outside Off stump,Good Length,0,0,0,0,0,0,0,0,65.00000000000011,-4.629318478650529,8.341013675973755,-0.572960261387547,1.837674522679607,-0.206507876545635,0.0349467691487985,-8.71099212187389,-26.8460239509325,0.736624390801986,-6.07742678987845,9.384935752464436,0.2060951111301359,0.6732447747539766,90.3772051000829,Defended,Played,None,0.657257080078125,0.611480712890625,6.469296,-0.262891,-0.134230119754662,0.0,-10.6,-24.7557190551429,0.47845942312979,0.47845942312979,-8.144516,-0.173774,0.61918,-8.840576,-0.159953,0.675915,-12.75566793838435,-10.06013359729667,-0.1356091574546296,0.7543418244014019,0.1611033017934176,-0.4645059777271887,2.04404635486843e-03,-1.00000000000000e+00,KOTAMBI-STADIUM-VADODARA,2024-12-27,,R,L,R,India-Women,West-Indies-Women,Seam,1
1735,2,52,India (Women),Pratika Rawal,Aaliyah Alleyne,,2,4,0,0,0,0,0,0,1,0,0,0,0,0,0,0,0,,,0,1.4,1,1,0,569280,-32.0,23.0,0,0,,,Knuckleball,36.0,CUT SHOT,0,0,5,1,5,0,Outside Off stump,Good Length,0,0,0,0,0,0,0,0,64.31656416218952,-4.467076564127622,8.34085282622647,-0.6058382840781261,1.814213312606226,-0.202359979208878,-0.537416426045841,-9.17071255679982,-26.3067972971541,-0.525366441629986,-6.12566713080141,8.758030391268512,0.2348841880934326,0.6036120918543169,77.05339496880427,Attacked,Missed,None,0.654808044433594,0.7107467651367188,6.760281,-0.780224,-0.13153398648577,0.0,-10.6,-24.000843330585,-0.431942002700446,-0.431942002700446,-999.9,-999.9,-999.9,-8.840859,-0.881493,0.617299,-13.10802371283036,-10.06014417159709,-0.9042021653160014,0.666387467047225,-0.5491808671686433,0.1130495045703328,-5.34802730149250e-02,-1.00000000000000e+00,KOTAMBI-STADIUM-VADODARA,2024-12-27,,R,L,R,India-Women,West-Indies-Women,Seam,1
1735,2,52,India (Women),Pratika Rawal,Aaliyah Alleyne,,2,5,0,0,0,0,0,0,1,0,0,0,0,0,0,0,0,,,0,1.5,1,1,0,569281,-95.0,0.0,0,0,,,Knuckleball,97.0,BACKFOOT PUSH,0,0,6,1,5,0,Outside Off stump,Short of Good Length,0,0,0,0,0,0,0,0,66.36386159162544,-7.20249740993715,8.340773416843245,-0.5096186939966753,1.800875001933636,-0.210884935174327,-0.468843424199988,-9.1306989282754,-27.4150415726625,-0.340127430691218,-6.79281326387802,10.23677698297995,0.2687639713420342,0.6488414091734579,80.44981424181528,Attacked,Played,None,0.662567138671875,0.6692619323730469,8.837419,-0.597546,-0.137075207863313,0.0,-10.6,-24.4057301770469,0.241184576859969,0.241184576859969,-9.159075,-0.517313,0.911334,-8.84069,-0.520604,0.898326,-13.91629778019223,-10.06023833903556,-0.5079676270568433,0.9375238671892993,-0.3558977641344834,1.277004549811223,-2.86667969398273e-02,-1.00000000000000e+00,KOTAMBI-STADIUM-VADODARA,2024-12-27,,R,L,R,India-Women,West-Indies-Women,Seam,1
1735,2,52,India (Women),Pratika Rawal,Aaliyah Alleyne,,2,6,1 (WD),1,0,0,0,0,0,1,1,0,0,0,0,0,0,,,0,1.6,1,1,1,569282,-95.0,0.0,1,0,,,Knuckleball,105.0,LEFT ALONE,0,0,7,1,6,0,Wide outside Off stump,Good Length,0,0,0,0,0,0,0,0,64.90217211702344,-4.489727866409129,8.340618319748316,-0.5124714586701662,1.84262678925823,-0.203461727506618,-1.58949408793998,-8.42128290976566,-26.4500245758604,-1.21468568479462,-5.96509493071276,8.5864125364673,0.3306531883762409,0.5900147454028164,65.43689297279838,None,None,None,0.664798736572266,0.7122344970703125,6.263758,-0.892392,-0.132250122879302,0.0,-10.6,-23.3089537157922,-1.23770835470576,-1.23770835470576,-999.9,-999.9,-999.9,-8.841024,-1.164179,0.55342,-12.70891451995922,-10.05994414724712,-1.231049397636726,0.6023420668126026,-1.604425922223423,-0.4101657942387423,-1.62682888684130e-01,-1.00000000000000e+00,KOTAMBI-STADIUM-VADODARA,2024-12-27,,R,L,R,India-Women,West-Indies-Women,Seam,1
1735,2,52,India (Women),Pratika Rawal,Aaliyah Alleyne,,2,6,1 (NB),1,0,0,0,0,1,1,0,1,0,0,0,0,0,,,0,1.6,1,1,1,569283,-95.0,0.0,1,0,,,Knuckleball,49.0,FORWARD DEFENCE,0,0,8,1,7,0,Outside Off stump,Good Length,0,0,0,0,0,0,0,0,65.01626300236222,-3.99230989235289,8.340765299699864,-0.5498969788933826,1.841450831119768,-0.203623659086521,-0.2230037253133,-8.67911144952114,-26.4710756812478,0.698785129160424,-5.95459160313918,9.422331490833125,0.2278826012885359,0.6742301633017569,88.34626436640994,Defended,Played,None,0.665199279785156,0.6097755432128906,5.848598,-0.210733,-0.132355378406239,0.0,-10.6,-24.1927084779664,0.872994960275237,0.872994960275237,-7.973054,-0.073577,0.535147,-8.840844,-0.041527,0.614257,-12.67749834358802,-10.06015892183982,0.003770055981091758,0.7017003042685868,-0.06602751796639253,0.5544776314855414,-6.66098041845953e-03,-1.00000000000000e+00,KOTAMBI-STADIUM-VADODARA,2024-12-27,,R,L,R,India-Women,West-Indies-Women,Seam,1
1735,2,52,India (Women),Pratika Rawal,Aaliyah Alleyne,,2,6,4,4,4,0,0,0,0,0,0,0,0,0,1,0,0,,,0,1.6,1,1,0,569284,-193.0,15.5,4,0,,,Knuckleball,15.0,LOFTED COVER DRIVE,0,0,9,1,11,0,Outside Off stump,Full Length,0,0,0,0,0,0,0,0,67.30913662269926,-1.839937213474332,8.340509493585824,-0.5171019436477671,1.831775258451277,-0.206787360546386,-1.14744308633143,-8.64537706941809,-26.8823568710301,-0.689598552389274,-5.65576832093308,7.978527592464593,0.1844960989442759,0.6241962676264937,85.17983024954648,Attacked,Played,None,0.632858276367188,0.5915908813476562,2.968839,-0.722356,-0.134411784355151,0.0,-10.6,-25.1879460184817,-0.652834285941304,-0.652834285941304,-8.324828,-0.754437,0.196445,-8.840697,-0.767914,0.256316,-11.88115706435336,-10.06002254721189,-0.7999205456380345,0.3803897731946919,-1.341488396955711,-0.01523406161992204,-1.70720022901903e-01,-1.00000000000000e+00,KOTAMBI-STADIUM-VADODARA,2024-12-27,,R,L,R,India-Women,West-Indies-Women,Seam,1
1735,2,52,India (Women),Smriti Mandhana,Deandra Dottin,,3,1,0,0,0,0,0,0,1,0,0,0,0,0,0,0,0,,,0,2.1,1,1,0,569285,-3.5,24.5,0,0,,,Knuckleball,49.0,FORWARD DEFENCE,0,0,1,2,11,0,Outside Off stump,Good Length,1,0,0,0,0,0,0,0,64.63690547686303,-3.129015376274641,8.34089141936066,0.7022792947469383,1.87863101698008,-0.201709087632133,3.09161068984735,-10.2088758916744,-26.2221813921773,-0.175661487753816,-6.33150104685257,10.14255859551043,0.2452519163852044,0.667532774089099,85.60472447484439,Defended,Edged,None,0.673564910888672,0.6063766479492188,5.5902,0.284828,-0.131110906960886,0.0,-10.6,-23.62569009988,-0.603765017726114,-0.603765017726114,-7.757223,0.200041,0.525705,-8.840611,0.171753,0.642348,-13.57458229463826,-10.06020632278124,0.1396996358259025,0.7463983096604124,2.827418934066409,-1.080083793425147,2.91234664769313e-01,-1.00000000000000e+00,KOTAMBI-STADIUM-VADODARA,2024-12-27,,L,R,R,India-Women,West-Indies-Women,Seam,1
1735,2,52,India (Women),Smriti Mandhana,Deandra Dottin,,3,2,0,0,0,0,0,0,1,0,0,0,0,0,0,0,0,,,0,2.2,1,1,0,569286,43.0,110.0,0,0,,,Knuckleball,27.0,FORWARD PUSH,0,0,2,2,11,0,Outside Off stump,Full Length,0,0,0,0,0,0,0,0,64.97652873019385,-7.134576944757272,8.340618218659674,0.6376740360212023,1.830875784928058,-0.206354176021315,3.01065311244957,-9.41241923947272,-26.826042882771,-0.240136492931734,-6.83272176974919,8.732270477100384,0.3188366161340384,0.5282031013371818,57.34680358717345,Attacked,Played,None,0.6888427734375,0.623291015625,8.865311,0.378184,-0.134130214413855,0.0,-10.6,-23.4968268022493,0.223922784764199,0.223922784764199,-7.657965,0.440943,0.63606,-8.840957,0.45269,0.654953,-14.28966943990184,-10.06007990712967,0.4648832316937259,0.6437094566959733,2.018275255115513,1.058883676856496,1.61899852659888e-01,-1.00000000000000e+00,KOTAMBI-STADIUM-VADODARA,2024-12-27,,L,R,R,India-Women,West-Indies-Women,Seam,1
1735,2,52,India (Women),Smriti Mandhana,Deandra Dottin,,3,3,0,0,0,0,0,0,1,0,0,0,0,0,0,0,0,,,0,2.3,1,1,0,569287,43.0,88.5,0,0,,,Knuckleball,27.0,FORWARD PUSH,0,0,3,2,11,0,Outside Off stump,Good Length,0,0,0,0,0,0,0,0,67.88090758672229,-4.313115728600208,8.341036962352938,0.8128464200647985,1.85458219354711,-0.211903313685312,0.692139137461195,-8.44806361071965,-27.5474307790906,-0.962404357801874,-5.98791922565074,8.851725320112699,0.2773566108077502,0.6456318348172795,79.1091141418169,Attacked,Played,None,0.632778167724609,0.5802955627441406,5.73066,0.323794,-0.137737153895453,0.0,-10.6,-24.8245278466703,-0.575157401623598,-0.575157401623598,-7.805677,0.242464,0.480888,-8.841029,0.217932,0.572208,-12.26347746892277,-10.06021195082973,0.1888590793426997,0.655465465527037,0.3973502889985638,0.6736431267867814,4.15788042289300e-02,-1.00000000000000e+00,KOTAMBI-STADIUM-VADODARA,2024-12-27,,L,R,R,India-Women,West-Indies-Women,Seam,1
1735,2,52,India (Women),Smriti Mandhana,Deandra Dottin,,3,4,0,0,0,0,0,0,1,0,0,0,0,0,0,0,0,,,0,2.4,1,1,0,569288,98.0,59.0,0,0,,,Knuckleball,51.0,FRONTFOOT COVERDRIVE,0,0,4,2,11,0,Off stump,Full Length,0,0,0,0,0,0,0,0,68.89855870270108,-2.15337252358733,8.340855884121794,-0.5197476397928962,1.873386300011659,-0.211284897567372,0.526705642997381,-8.39966493946697,-27.4670366837583,1.32322199913068,-5.65829746829305,6.92349231075949,0.1104452157315886,0.5684930451466419,84.22943519883744,Defended,Played,None,0.613723754882812,0.574127197265625,2.814484999999999,0.113772,-0.137335183418792,0.0,-10.6,-26.490325634078,1.22619914046708,1.22619914046708,-8.254577,0.160603,0.162329,-8.840539,0.18791,0.222322,-11.64027634274493,-10.0602831368366,0.2450235631460124,0.3307979510408412,0.8199062889509208,-0.10783900253032,1.06016511188187e-01,-1.00000000000000e+00,KOTAMBI-STADIUM-VADODARA,2024-12-27,,L,R,R,India-Women,West-Indies-Women,Seam,1
1735,2,52,India (Women),Smriti Mandhana,Deandra Dottin,,3,5,0,0,0,0,0,0,1,0,0,0,0,0,0,0,0,,,0,2.5,1,1,0,569289,-7.5,32.5,0,0,,,Knuckleball,49.0,FORWARD DEFENCE,0,0,5,2,11,0,Off stump,Good Length,0,0,0,0,0,0,0,0,69.9001878854282,-4.212863637702998,8.340677161761398,-0.5511940129098164,1.854142906722204,-0.218093227394743,1.30750495755171,-9.01410672313333,-28.3521195613166,1.78868549901089,-6.16871590077717,6.940276824322617,0.1591161190204728,0.5302622549458772,73.6277263398343,Defended,Played,None,0.611423492431641,0.5685653686523438,5.623018,0.096916,-0.141760597806583,0.0,-10.6,-26.871996734785,1.3615706207229,1.3615706207229,-8.127313,0.285745,0.386927,-8.840587,0.322674,0.431875,-12.27483010461669,-10.05970965097253,0.386123370246924,0.4908947415671283,1.354090397571672,-0.7092807865647951,1.44701483265820e-01,-1.00000000000000e+00,KOTAMBI-STADIUM-VADODARA,2024-12-27,,L,R,R,India-Women,West-Indies-Women,Seam,1
1735,2,52,India (Women),Smriti Mandhana,Deandra Dottin,,3,6,4,4,4,0,0,0,0,0,0,0,0,0,1,0,0,,,0,2.6,1,1,0,569290,170.5,158.5,4,0,,,Knuckleball,51.0,FRONTFOOT COVERDRIVE,0,0,6,2,15,0,Outside Off stump,Full Length,0,0,0,0,0,0,0,0,69.50755660038426,-2.828662380806865,8.34099417890717,-0.4830757098010975,1.869273692654353,-0.214209750470316,-0.153761857316175,-8.48448429133169,-27.8472675611411,1.44913943859514,-5.77508753494477,6.294212336925763,0.1755558879191669,0.5029782382711675,67.89114694875843,Attacked,Played,None,0.610908508300781,0.5674781799316406,3.699538,0.260952,-0.139236337805705,0.0,-10.6,-26.3352255507015,1.1688677780411,1.1688677780411,-8.125129,0.339643,0.213585,-8.840628,0.37176,0.269789,-11.7161681954564,-10.06025605618551,0.4267917041578511,0.3474889709322387,0.1603597792046342,-0.4375595830074183,2.02217727278204e-02,-1.00000000000000e+00,KOTAMBI-STADIUM-VADODARA,2024-12-27,,L,R,R,India-Women,West-Indies-Women,Seam,1
1735,2,52,India (Women),Pratika Rawal,Aaliyah Alleyne,,4,1,0,0,0,0,0,0,1,0,0,0,0,0,0,0,0,,,0,3.1,1,1,0,569291,-93.5,42.0,0,0,,,Knuckleball,51.0,FRONTFOOT COVERDRIVE,0,0,1,3,15,0,Outside Off stump,Good Length,1,0,0,0,0,0,0,0,67.72991768989786,-3.327316546447852,8.34105503405413,-0.5534237188558434,1.832842108993131,-0.210821994410428,0.520285678834237,-9.1002651129347,-27.4068592733557,0.675115339405936,-5.97910019320063,8.593395598119754,0.2181252984570439,0.6388128271734508,84.00939423031323,Attacked,Played,None,0.610061645507812,0.5791854858398438,5.043247,-0.296203,-0.137034296366778,0.0,-10.6,-25.2751424874664,0.369611727843483,0.369611727843483,-7.906666,-0.253608,0.408052,-8.840979,-0.239691,0.498354,-12.30686198756278,-10.06021810228372,-0.2214226305668211,0.5940885029495192,0.5888853237025722,-0.5732794599758422,-1.11613385685183e-01,-1.00000000000000e+00,KOTAMBI-STADIUM-VADODARA,2024-12-27,,R,L,R,India-Women,West-Indies-Women,Seam,1
1735,2,52,India (Women),Pratika Rawal,Aaliyah Alleyne,,4,2,0,0,0,0,0,0,1,0,0,0,0,0,0,0,0,,,0,3.2,1,1,0,569292,-40.0,24.0,0,0,,,Knuckleball,50.0,BACKFOOT DEFENCE,0,0,2,3,15,0,Outside Off stump,Short of Good Length,0,0,0,0,0,0,0,0,66.454179,-6.221605190369069,8.340799146866772,-0.5236228019657554,1.758949520374022,-0.210654041802584,2.51964639297822,-8.88898850627278,-27.3850254343359,1.31095284350424,-6.39990045819822,9.204951595543857,0.1897974614041515,0.6435023608368996,87.5456079851198,Defended,Played,None,,0.623748779296875,8.22282,-0.215835,-0.136925127171679,0.0,-10.6,-25.4135511734378,0.574700188503797,0.574700188503797,-8.473556,-0.063012,0.758323,-8.84055,-0.054396,0.776615,-13.15398411168866,-10.05992036098166,-0.02564166269618104,0.8204212193803153,1.946511299141727,-1.445261155068428,1.66572277825168e-01,-1.00000000000000e+00,KOTAMBI-STADIUM-VADODARA,2024-12-27,,R,L,R,India-Women,West-Indies-Women,Seam,1
1735,2,52,India (Women),Pratika Rawal,Aaliyah Alleyne,,4,3,0,0,0,0,0,0,1,0,0,0,0,0,0,0,0,,,0,3.3,1,1,0,569293,-40.0,24.0,0,0,,,Knuckleball,97.0,BACKFOOT PUSH,0,0,3,3,15,0,Outside Off stump,Good Length,0,0,0,0,0,0,0,0,64.39999999999996,-5.904157893012027,8.340590550968415,-0.5751045109178519,1.812759475515903,-0.210163012937435,-2.11721572692435,-7.33048668488528,-27.3211916818666,-0.538812601199974,-5.93680165747924,8.243342327780068,0.2417243476561916,0.6101578571999257,77.35124381436968,Attacked,Missed,None,0.412971496582031,0.6874008178710938,7.254806,-0.623822,-0.136605958409333,0.0,-10.6,-25.0036215433463,-0.780992724534704,-0.780992724534704,-999.9,-999.9,-999.9,-8.840797,-0.815524,0.620395,-12.25959152249485,-10.06018027288234,-0.8550462526150719,0.6584660659528208,-1.68969012955751,-0.6592550784847188,2.31994270752188e-03,-1.00000000000000e+00,KOTAMBI-STADIUM-VADODARA,2024-12-27,,R,L,R,India-Women,West-Indies-Women,Seam,1
1735,2,52,India (Women),Pratika Rawal,Aaliyah Alleyne,,4,4,0,0,0,0,0,0,1,0,0,0,0,0,0,0,0,,,0,3.4,1,1,0,569294,-98.0,-3.5,0,0,,,Knuckleball,97.0,BACKFOOT PUSH,0,0,4,3,15,0,Outside Off stump,Good Length,0,0,0,0,0,0,0,0,66.76908915923275,-4.835150831911692,8.341068847691972,-0.5889191158683602,1.805020479452106,-0.209957787359752,-0.534349713403825,-8.91965230486246,-27.2945123567678,-0.252030005200667,-6.16313791412674,7.903078150768629,0.2198890923347256,0.5669480404999265,73.05329684151643,Attacked,Played,None,0.649658203125,0.6514892578125,6.747037,-0.647303,-0.136472561783839,0.0,-10.6,-25.1712575373212,-0.210449726694287,-0.210449726694287,-9.319093,-0.698354,0.566316,-8.841072,-0.694229,0.546189,-12.72407791744684,-10.05995851794879,-0.7047703304680916,0.5895234459071694,-0.4644428489743357,0.0500158441668752,-4.52159342320116e-02,-1.00000000000000e+00,KOTAMBI-STADIUM-VADODARA,2024-12-27,,R,L,R,India-Women,West-Indies-Women,Seam,1
1735,2,52,India (Women),Pratika Rawal,Aaliyah Alleyne,,4,5,1 (WD),1,0,0,0,0,0,1,1,0,0,0,0,0,0,,,0,3.5,1,1,1,569295,-98.0,-3.5,1,0,,,Knuckleball,105.0,LEFT ALONE,0,0,5,3,16,0,Wide outside Off stump,Good Length,0,0,0,0,0,0,0,0,67.78068746553684,-5.308110306358131,8.341114186421336,-0.649627697549806,1.812725802068237,-0.213278896205489,-1.72850690709985,-8.55542184845693,-27.7262565067136,-0.67651839690082,-6.19125747801854,8.838643156079094,0.2546127843059861,0.6316132466980515,79.28070857410913,None,None,None,0.630271911621094,0.677490234375,6.943719,-0.782,-0.138631282533568,0.0,-10.6,-25.1479663919657,-0.854427101066329,-0.854427101066329,-999.9,-999.9,-999.9,-8.840559,-0.979623,0.652662,-12.5876096907952,-10.06013882991988,-1.022558547878435,0.7125833292919928,-1.41295905351813,-0.5481973871065818,-1.42281753491415e-01,-1.00000000000000e+00,KOTAMBI-STADIUM-VADODARA,2024-12-27,,R,L,R,India-Women,West-Indies-Women,Seam,1
1735,2,52,India (Women),Pratika Rawal,Aaliyah Alleyne,,4,5,4,4,4,0,0,0,0,0,0,0,0,0,1,0,0,,,0,3.5,1,1,0,569296,-199.0,28.0,4,0,,,Knuckleball,52.0,BACKFOOT COVERDRIVE,0,0,6,3,20,0,Outside Off stump,Good Length,0,0,0,0,0,0,0,0,64.9298019513333,-7.883430605000757,8.340637768250701,-0.5491280479009609,1.794938257263089,-0.206855640447388,0.606285027808736,-9.06916813573335,-26.8912332581605,0.265901225776313,-6.91292506020465,8.719365360199793,0.2507860716096215,0.5374916145584359,65.54513502280324,Attacked,Played,None,0.673004150390625,0.6724777221679688,9.410014,-0.494849,-0.134456166290802,0.0,-10.6,-24.2270434320416,-0.0203211399700403,-0.0203211399700403,-8.91451,-0.501945,0.685258,-8.840952,-0.50188,0.685159,-14.41684901379024,-10.05983777796204,-0.5029553491890599,0.6728619620927256,0.4272210061931317,-0.6145822167978164,3.23935290223282e-02,-1.00000000000000e+00,KOTAMBI-STADIUM-VADODARA,2024-12-27,,R,L,R,India-Women,West-Indies-Women,Seam,1
1735,2,52,India (Women),Pratika Rawal,Aaliyah Alleyne,,4,6,0,0,0,0,0,0,1,0,0,0,0,0,0,0,0,,,0,3.6,1,1,0,569297,-11.5,52.0,0,0,,,Knuckleball,50.0,BACKFOOT DEFENCE,0,0,7,3,20,0,Outside Off stump,Good Length,0,0,0,0,0,0,0,0,65.0731068532096,-5.109917382399203,8.340622939693866,-0.5413809816032745,1.823798298078871,-0.205098201362335,-0.128278668664693,-9.15490100683522,-26.6627661771035,0.738652776281264,-6.28390028919163,8.462613557280227,0.2621047750351831,0.5698391430448255,69.26539395320553,Defended,Played,None,0.672626495361328,0.6281776428222656,7.18464,-0.232896,-0.133313830885517,0.0,-10.6,-24.0671910087988,0.986671398719903,0.986671398719903,-8.202661,-0.011208,0.570513,-8.840876,0.015802,0.599368,-13.26150751707769,-10.06009933812896,0.06767492547051301,0.6325092119344621,0.02365918618370105,0.7607241702848405,2.39591258922933e-03,-1.00000000000000e+00,KOTAMBI-STADIUM-VADODARA,2024-12-27,,R,L,R,India-Women,West-Indies-Women,Seam,1
1735,2,52,India (Women),Smriti Mandhana,Deandra Dottin,,5,1,0,0,0,0,0,0,1,0,0,0,0,0,0,0,0,,,0,4.1,1,1,0,569298,38.0,27.0,0,0,,,Knuckleball,97.0,BACKFOOT PUSH,0,0,1,4,20,0,Outside Off stump,Good Length,1,0,0,0,0,0,0,0,64.65869280891158,-5.253270070535836,8.340587885488585,0.7385750925889314,1.876542395366163,-0.203623196682089,3.40347697553591,-9.65747330121615,-26.4710155686716,-0.362005032792256,-6.52745919076862,10.36294740879921,0.2244822733745631,0.6729142641678323,88.48891228771855,Defended,Played,None,0.660232543945312,0.648834228515625,7.301214,0.317417,-0.132355077843358,0.0,-10.6,-24.0198920964467,-0.330908797920455,-0.330908797920455,-8.58353,0.235857,0.792538,-8.84089,0.232191,0.811604,-13.85215246257355,-10.05979545866715,0.2147558551865462,0.8844790097421804,2.665159393335221,-0.005781386221036013,2.47564688418794e-01,-1.00000000000000e+00,KOTAMBI-STADIUM-VADODARA,2024-12-27,,L,R,R,India-Women,West-Indies-Women,Seam,1
1735,2,52,India (Women),Smriti Mandhana,Deandra Dottin,,5,2,0,0,0,0,0,0,1,0,0,0,0,0,0,0,0,,,0,4.2,1,1,0,569299,33.5,38.0,0,0,,,Knuckleball,27.0,FORWARD PUSH,0,0,2,4,20,0,Outside Off stump,Good Length,0,0,0,0,0,0,0,0,66.67027907690985,-3.798066150394387,8.340913264827094,0.7096375384274526,1.846168106277294,-0.208113809352047,2.46824790538963,-9.26946766316542,-27.0547952157661,-0.492743504900139,-6.11906320243383,8.597721959468364,0.2043587529418438,0.6182395557451359,82.30005806758601,Defended,Edged,None,0.62677001953125,0.5878486633300781,5.713401,0.242058,-0.13527397607883,0.0,-10.6,-25.0209603577444,-0.858936298655111,-0.858936298655111,-7.826119,0.121473,0.462741,-8.840613,0.085879,0.548739,-12.74433488696954,-10.06018050010617,0.04282510960287741,0.6284385004420714,2.035337247866419,-0.9227147699918565,2.25617822133962e-01,-1.00000000000000e+00,KOTAMBI-STADIUM-VADODARA,2024-12-27,,L,R,R,India-Women,West-Indies-Women,Seam,1
1735,2,52,India (Women),Smriti Mandhana,Deandra Dottin,,5,3,0,0,0,0,0,0,1,0,0,0,0,0,0,0,0,,,0,4.3,1,1,0,569300,74.5,55.0,0,0,,,Knuckleball,49.0,FORWARD DEFENCE,0,0,3,4,20,0,Outside Off stump,Good Length,0,0,0,0,0,0,0,0,65.53534427425018,-4.00789402483344,8.340554495680127,0.6938481641205262,1.884069913964796,-0.204980286043592,2.80877863471498,-9.46111393482282,-26.647437185667,-0.0815702458620149,-6.2585097582329,8.282786999985243,0.1815151472770178,0.5781362458709027,78.56892215293364,Attacked,Played,None,0.632194519042969,0.6056785583496094,5.976109,0.379049,-0.133237185928335,0.0,-10.6,-24.8546192961229,-0.0884439489880692,-0.0884439489880692,-8.027814,0.364864,0.479168,-8.840948,0.361902,0.537476,-13.21713816370643,-10.06005923543155,0.357435004639898,0.6029021892521178,2.437561169513751,-0.02849629179564356,2.52057060960712e-01,-1.00000000000000e+00,KOTAMBI-STADIUM-VADODARA,2024-12-27,,L,R,R,India-Women,West-Indies-Women,Seam,1
1735,2,52,India (Women),Smriti Mandhana,Deandra Dottin,,5,4,0,0,0,0,0,0,1,0,0,0,0,0,0,0,0,,,0,4.4,1,1,0,569301,102.5,60.0,0,0,,,Knuckleball,51.0,FRONTFOOT COVERDRIVE,0,0,4,4,20,0,Outside Off stump,Good Length,0,0,0,0,0,0,0,0,70.02735728557509,-4.68011238249269,8.34059347965465,0.874413806588137,1.801631261958031,-0.219527829703052,1.43656058441213,-8.90372881009204,-28.5386178613968,-0.125229669634198,-6.15907606225282,8.263726706089514,0.2650888149122787,0.6109129149211974,75.12805574695173,Attacked,Played,None,0.620304107666016,0.5745735168457031,6.31471,0.705917,-0.142693089306984,0.0,-10.6,-25.9069000060299,-0.309744329674232,-0.309744329674232,-8.087019,0.653376,0.523305,-8.84101,0.644121,0.577277,-12.1785329249404,-10.06001769548317,0.6290735407563132,0.6448231898475534,1.046967951333528,-0.433582158515158,1.06156653808665e-01,-1.00000000000000e+00,KOTAMBI-STADIUM-VADODARA,2024-12-27,,L,R,R,India-Women,West-Indies-Women,Seam,1
1735,2,52,India (Women),Smriti Mandhana,Deandra Dottin,,5,5,0,0,0,0,0,0,1,0,0,0,0,0,0,0,0,,,0,4.5,1,1,0,569302,102.5,60.0,0,0,,,Knuckleball,40.0,FRONTFOOT FLICK,0,0,5,4,20,0,Outside Off stump,Good Length,0,0,0,0,0,0,0,0,69.15883409715832,-6.240183951533282,8.34070500447556,0.712681566978824,1.822420855146582,-0.218296661935728,0.734107844075709,-8.21242324968088,-28.3785660516447,-1.24032201395785,-6.36456023729179,6.72516548582459,0.2076564080834209,0.4892250142550735,62.61811132991894,Attacked,Missed,None,0.627708435058594,0.562774658203125,7.595923,0.209946,-0.141892830258224,0.0,-10.6,-26.4055868291684,-1.29731053206297,-1.29731053206297,-7.59482,-0.045668,0.451661,-8.84087,-0.10884,0.489013,-12.64075750863896,-10.06008007122,-0.1710770496076563,0.5012328855479733,0.3076611274026814,-0.3100952257974239,3.27169867727746e-02,-1.00000000000000e+00,KOTAMBI-STADIUM-VADODARA,2024-12-27,,L,R,R,India-Women,West-Indies-Women,Seam,1
1735,2,52,India (Women),Smriti Mandhana,Deandra Dottin,,5,6,0,0,0,0,0,0,1,0,0,0,0,0,0,0,0,,,0,4.6,1,1,0,569303,-12.5,27.0,0,0,,,Knuckleball,27.0,FORWARD PUSH,0,0,6,4,20,0,Outside Off stump,Good Length,0,0,0,0,0,0,0,0,69.63053958709965,-4.550831452065891,8.340458653041082,0.7228544855097687,1.849802092653571,-0.217937471585456,2.24998046677244,-9.18915613930051,-28.3318713061092,-0.29926511085662,-6.27421607488793,7.110799333651921,0.2126265894977224,0.5227065468901324,67.14332308374762,Defended,Played,None,0.618896484375,0.5749282836914062,6.119517,0.405897,-0.141659356530546,0.0,-10.6,-26.2895909988757,-0.80985983225909,-0.80985983225909,-8.118292,0.275727,0.429488,-8.840892,0.252909,0.46968,-12.48687531896192,-10.06026980842608,0.2141964691404003,0.5186207325523302,1.668577545758697,-1.159274243343573,1.65548107961173e-01,-1.00000000000000e+00,KOTAMBI-STADIUM-VADODARA,2024-12-27,,L,R,R,India-Women,West-Indies-Women,Seam,1
1735,2,52,India (Women),Pratika Rawal,Aaliyah Alleyne,,6,1,0,0,0,0,0,0,1,0,0,0,0,0,0,0,0,,,0,5.1,1,1,0,569304,-10.5,62.0,0,0,,,Knuckleball,50.0,BACKFOOT DEFENCE,0,0,1,5,20,0,Outside Off stump,Good Length,1,0,0,0,0,0,0,0,67.14383625088671,-4.255582151549843,8.340506892424266,-0.5833587045226679,1.822775451395856,-0.21031896932931,-0.325398049539464,-8.9826966566781,-27.3414660128103,0.271853752553109,-6.08984996365904,10.56716311795735,0.2721013756928983,0.7485723828096669,95.0757198521602,Defended,Played,None,0.637435913085938,0.6208648681640625,6.094961,-0.436369,-0.136707330064052,0.0,-10.6,-24.4366104920521,0.653016082727452,0.653016082727452,-8.568255,-0.311746,0.711499,-8.841039,-0.304258,0.739879,-12.55669932314074,-10.05977819815601,-0.27065878074799,0.8500662558070271,-0.2185798118885545,0.9610746586648615,-2.23035465312713e-02,-1.00000000000000e+00,KOTAMBI-STADIUM-VADODARA,2024-12-27,,R,L,R,India-Women,West-Indies-Women,Seam,1
1735,2,52,India (Women),Pratika Rawal,Aaliyah Alleyne,,6,2,1,1,1,1,0,0,0,0,0,0,0,0,0,0,0,,,0,5.2,1,1,0,569305,-82.0,77.5,1,0,,,Knuckleball,51.0,FRONTFOOT COVERDRIVE,0,0,2,5,21,0,Outside Off stump,Full Length,0,0,0,0,0,0,0,0,65.23733640514588,-1.639226995349102,8.340856783852455,-0.5827378848771917,1.849036554630324,-0.201747591576045,-1.59230618774944,-8.82934950534377,-26.2271869048859,-0.555391452678837,-5.72088230484394,8.27590870327988,0.2873447409611675,0.5998955498039038,71.24985837446883,Attacked,Played,None,0.657096862792969,0.6090774536132812,3.060142,-0.646431,-0.131135934524429,0.0,-10.6,-23.594485471301,-0.635926591113037,-0.635926591113037,-8.32046,-0.682156,0.21159,-8.840762,-0.696303,0.27207,-12.30506917661967,-10.0600609289883,-0.729620094017793,0.3937722844540954,-1.848141906165458,-0.3307575152137865,-1.97526225376554e+00,-1.00000000000000e+00,KOTAMBI-STADIUM-VADODARA,2024-12-27,,R,L,R,India-Women,West-Indies-Women,Seam,1
1735,2,52,India (Women),Smriti Mandhana,Aaliyah Alleyne,,6,3,1 (WD),1,0,0,0,0,0,1,1,0,0,0,0,0,0,,,0,5.3,1,1,1,569306,-82.0,77.5,1,0,,,Knuckleball,105.0,LEFT ALONE,0,0,3,5,22,0,Outside Leg stump,Good Length,0,0,0,0,0,0,0,0,67.93488144215307,-6.398584490945549,8.340504581611349,-0.4918659452529411,1.773094511514597,-0.214974259150112,-3.46073852469829,-8.48892940253322,-27.9466536895145,-0.171820805370824,-6.39385645753192,8.849841508513034,0.2592079469995055,0.6151892511261218,76.35759296896772,Attacked,Missed,None,0.636714935302734,0.6826629638671875,8.098496,-0.335053,-0.139733268447573,0.0,-10.6,-25.2630435656569,-0.604159567095845,-0.604159567095845,-999.9,-999.9,-999.9,-8.840838,-0.502782,0.722535,-12.88678857236648,-10.0602342381902,-0.5332041661493513,0.7589783283497934,-2.357252695206828,-1.017693750664147,-2.03700952157615e-01,-1.00000000000000e+00,KOTAMBI-STADIUM-VADODARA,2024-12-27,,L,R,R,India-Women,West-Indies-Women,Seam,1
1735,2,52,India (Women),Smriti Mandhana,Aaliyah Alleyne,,6,3,0 WK,W,0,0,0,0,1,0,0,0,0,0,0,0,1,Caught,WICKET,1,5.3,1,1,0,569307,103.0,12.5,0,0,,,Knuckleball,51.0,FRONTFOOT COVERDRIVE,0,0,4,5,22,1,Off stump,Good Length,1,0,0,0,0,0,0,0,64.69131716120057,-2.870404426076125,8.340557477937281,-0.4335833466882114,1.861280635287615,-0.2006978213851,-0.726745195208,-8.85276784647052,-26.090716780063,1.1838051244991,-5.86696548296427,9.831726338108174,0.2654140378048586,0.6920260700486154,87.26250672680645,None,None,None,0.646682739257812,0.5982856750488281,4.696163,0.248199,-0.130453583900315,0.0,-10.6,-23.4280790618899,1.60187270741232,1.60187270741232,-7.666186,0.406638,0.385021,-8.840879,0.48827,0.524733,-12.67318087517637,-10.05975520642101,0.5735503701286155,0.641287807401739,-0.4718998986010406,1.313576893061333,-5.31447312837043e-02,-1.00000000000000e+00,KOTAMBI-STADIUM-VADODARA,2024-12-27,,L,R,R,India-Women,West-Indies-Women,Seam,1
1735,2,52,India (Women),Harleen Deol,Aaliyah Alleyne,,6,4,0,0,0,0,0,0,1,0,0,0,0,0,0,0,0,,,0,5.4,1,1,0,569308,-6.0,33.5,0,0,,,Knuckleball,84.0,FRONTFOOT OFF DRIVE,0,0,5,5,22,1,Outside Off stump,Full Length,2,0,0,0,0,0,0,0,66.11620531382299,-2.603509396125852,8.340794972387158,-0.5749321853510232,1.805940205536158,-0.208619500131655,-1.04634781901229,-9.05648903705539,-27.1205350171152,0.401432303229713,-5.82749155482063,9.141856156012665,0.1885145571755334,0.6970988402526083,95.7133703203379,Defended,Edged,None,0.639129638671875,0.5853424072265625,4.331945,-0.250276,-0.135602675085576,0.0,-10.6,-25.2439200198833,0.876414425203091,0.876414425203091,-8.055665,-0.168957,0.365477,-8.841075,-0.141285,0.457404,-12.12696699538793,-10.05988912165116,-0.09810669877643557,0.5797337315113968,-0.8991954629075452,1.140369358334281,-1.42520753859570e-01,-1.00000000000000e+00,KOTAMBI-STADIUM-VADODARA,2024-12-27,,R,R,R,India-Women,West-Indies-Women,Seam,1
1735,2,52,India (Women),Harleen Deol,Aaliyah Alleyne,,6,5,1,1,1,1,0,0,0,0,0,0,0,0,0,0,0,,,0,5.5,1,1,0,569309,-76.0,93.0,1,0,,,Knuckleball,51.0,FRONTFOOT COVERDRIVE,0,0,6,5,23,1,Outside Off stump,Full Length,0,0,0,0,0,0,0,0,65.82595229347888,-2.582308855394542,8.340866446281662,-0.5284676049857443,1.786796238685351,-0.204241303578163,-2.2173643047266,-8.81713661349952,-26.5513694651612,-0.832620509039337,-5.71778782714939,8.508847877792176,0.2474769272738883,0.634262705395626,80.39171308195509,Attacked,Played,None,0.624675750732422,0.5944061279296875,4.478659,-0.66812,-0.132756847325806,0.0,-10.6,-24.2404034185144,-0.746849180990689,-0.746849180990689,-7.900291,-0.740025,0.33254,-8.840819,-0.769452,0.426994,-12.15294403352119,-10.06026014753185,-0.8078366089268438,0.5254671557783083,-2.32613190953494,0.0314110871383994,-2.68297011825992e-01,-1.00000000000000e+00,KOTAMBI-STADIUM-VADODARA,2024-12-27,,R,R,R,India-Women,West-Indies-Women,Seam,1
1735,2,52,India (Women),Pratika Rawal,Aaliyah Alleyne,,6,6,0,0,0,0,0,0,1,0,0,0,0,0,0,0,0,,,0,5.6,1,1,0,569310,-76.0,93.0,0,0,,,Knuckleball,105.0,LEFT ALONE,0,0,7,5,23,1,Outside Off stump,Good Length,0,0,0,0,0,0,0,0,66.50600069372098,-4.423904649810718,8.340499832271249,-0.5951740949697147,1.819404493935427,-0.208180415273355,-2.40248103380687,-8.22238397300552,-27.0634539855361,-0.988681886225636,-5.88685380931778,7.076973776148935,0.2232876628110541,0.528637041414872,66.9667899311254,None,None,None,0.627983093261719,0.6810379028320312,6.017477,-0.797825,-0.135317269927681,0.0,-10.6,-25.066829821042,-0.517552610125759,-0.517552610125759,-999.9,-999.9,-999.9,-8.840972,-0.898204,0.436038,-12.27183734755008,-10.06020675352056,-0.924134447936933,0.475649520284955,-2.210756603714469,0.9093857367032604,-2.33846012842475e-01,-1.00000000000000e+00,KOTAMBI-STADIUM-VADODARA,2024-12-27,,R,R,R,India-Women,West-Indies-Women,Seam,1
1735,2,52,India (Women),Harleen Deol,Deandra Dottin,,7,1,0 WK,W,0,0,0,0,1,0,0,0,0,0,0,0,1,Caught,WICKET,1,6.1,1,1,0,569311,-15.5,-25.5,0,0,,,Knuckleball,49.0,FORWARD DEFENCE,0,0,1,6,23,2,Outside Off stump,Good Length,1,0,0,0,0,0,0,0,64.8995619272028,-4.388560099688273,8.340559701483087,-0.6247904034926117,1.902534273877437,-0.204899909487891,2.53741663109712,-9.30695572266819,-26.6369882334259,1.13934612219288,-6.2873021002592,8.963896948282978,0.2574032265788122,0.6036743940899781,74.8108364556155,None,None,None,0.667030334472656,0.7005271911621094,6.269621,-0.369232,-0.133184941167129,0.0,-10.6,-24.0618577222741,0.446619226097836,0.446619226097836,-999.9,-999.9,-999.9,-8.841018,-0.27415,0.615024,-13.28081852807898,-10.05974464588687,-0.2507974356371474,0.6809961106733584,2.38126214012471,-1.385862513223363,2.41378849958052e-01,-1.00000000000000e+00,KOTAMBI-STADIUM-VADODARA,2024-12-27,,R,R,R,India-Women,West-Indies-Women,Seam,1
1735,2,52,India (Women),Harmanpreet Kaur,Deandra Dottin,,7,2,0,0,0,0,0,0,1,0,0,0,0,0,0,0,0,,,0,6.2,1,1,0,569312,-96.0,40.5,0,0,,,Knuckleball,49.0,FORWARD DEFENCE,0,0,2,6,23,2,Outside Off stump,Full Length,2,0,0,0,0,0,0,0,65.89956192720283,-2.965645940589884,8.34110883720134,-0.6640881605160693,1.88158197660969,-0.207924572918452,1.78947272855832,-9.4988101178267,-27.0301944793987,1.11429159343004,-6.11664000344121,8.428614730840167,0.28692890239011,0.5876371534613019,69.45268278018428,Defended,Played,None,0.643592834472656,0.603607177734375,4.72697,-0.335119,-0.135150972396994,0.0,-10.6,-24.257156980051,0.683494874699858,0.683494874699858,-8.282438,-0.251323,0.399297,-8.840738,-0.235304,0.450171,-12.7506683254268,-10.06019530689643,-0.2001360001686052,0.5414310585745471,1.874353716010144,-0.7466237694740212,2.12798364460736e-01,-1.00000000000000e+00,KOTAMBI-STADIUM-VADODARA,2024-12-27,,R,R,R,India-Women,West-Indies-Women,Seam,1
1735,2,52,India (Women),Harmanpreet Kaur,Deandra Dottin,,7,3,4,4,4,0,0,0,0,0,0,0,0,0,1,0,0,,,0,6.3,1,1,0,569313,-210.0,37.0,4,0,,,Knuckleball,51.0,FRONTFOOT COVERDRIVE,0,0,3,6,27,2,Outside Off stump,Full Length,0,0,0,0,0,0,0,0,67.41437440639615,-3.989313909705568,8.340710004189948,-0.5186009047454264,1.868063534270534,-0.21007485470898,0.483690377752233,-8.32257589336312,-27.3097311121674,-0.0593147033221549,-5.90014695915299,8.346922542136504,0.2858808906341964,0.6115198294371609,73.1398853521545,Attacked,Played,None,0.631004333496094,0.6134490966796875,5.300556,-0.596225,-0.136548655560837,0.0,-10.6,-24.5913271514563,-0.111901039724638,-0.111901039724638,-8.565232,-0.613729,0.475412,-8.841045,-0.615012,0.497076,-12.19112883127874,-10.0602130726508,-0.6207078651975981,0.5764173983194646,0.409920025176223,-0.1362764912615032,4.45309983243915e-02,-1.00000000000000e+00,KOTAMBI-STADIUM-VADODARA,2024-12-27,,R,R,R,India-Women,West-Indies-Women,Seam,1
1735,2,52,India (Women),Harmanpreet Kaur,Deandra Dottin,,7,4,2,2,2,0,1,0,0,0,0,0,0,0,0,0,0,,,0,6.4,1,1,0,569314,149.0,79.0,2,0,,,Knuckleball,97.0,BACKFOOT PUSH,0,0,4,6,29,2,Outside Off stump,Good Length,0,0,0,0,0,0,0,0,69.65769445512615,-6.730645440969884,8.340741951247953,-0.6040697794605263,1.826295747008005,-0.22024260117238,4.08310185173565,-8.23515274005795,-28.6315381524094,1.72926171066674,-6.54073564547176,8.803806406238053,0.3008998732331885,0.6036037749295835,70.45057891611867,Attacked,Played,None,0.636337280273438,0.6093864440917969,7.953566,-0.248631,-0.143157690762047,0.0,-10.6,-25.4914090509428,1.35974828087215,1.35974828087215,-8.573647,0.10276,0.704233,-8.841075,0.117574,0.716773,-12.86812464998042,-10.06025528257437,0.1854047844773464,0.7581197987261968,2.907587640276308,-0.4029547804965306,2.55208459140051e-01,-1.00000000000000e+00,KOTAMBI-STADIUM-VADODARA,2024-12-27,,R,R,R,India-Women,West-Indies-Women,Seam,1
1735,2,52,India (Women),Harmanpreet Kaur,Deandra Dottin,,7,5,4,4,4,0,0,0,0,0,0,0,0,0,1,0,0,,,0,6.5,1,1,0,569315,-53.0,-153.5,4,0,,,Knuckleball,27.0,FORWARD PUSH,0,0,5,6,33,2,Outside Off stump,Full Length,0,0,0,0,0,0,0,0,68.04284660390535,-3.491956499606126,8.340717258831049,-0.6712332909145282,1.875830352644128,-0.211875846107068,2.08753661542804,-9.35253459780218,-27.5438599939188,1.21265744436153,-6.14884861008962,7.852152151020644,0.225613719620045,0.5694122631386804,72.85046750879756,Attacked,Edged,None,0.626415252685547,0.5906295776367188,5.111717,-0.334432,-0.137719299969594,0.0,-10.6,-25.3877171878156,0.534896881627758,0.534896881627758,-8.250759,-0.264221,0.406285,-8.841007,-0.251537,0.453334,-12.58428128614219,-10.05981062425676,-0.2252153277886481,0.5319563594429233,2.042100823885392,-1.313906776556452,2.25618871266989e-01,-1.00000000000000e+00,KOTAMBI-STADIUM-VADODARA,2024-12-27,,R,R,R,India-Women,West-Indies-Women,Seam,1
1735,2,52,India (Women),Harmanpreet Kaur,Deandra Dottin,,7,6,0,0,0,0,0,0,1,0,0,0,0,0,0,0,0,,,0,6.6,1,1,0,569316,45.5,124.5,0,0,,,Knuckleball,49.0,FORWARD DEFENCE,0,0,6,6,33,2,Outside Off stump,Good Length,0,0,0,0,0,0,0,0,68.05115061864717,-4.214785532334334,8.341079773173913,-0.6263826975501474,1.816841498246365,-0.212986948835542,3.90773223661346,-8.86376553423043,-27.6883033486205,1.5759114283332,-6.04184819488746,6.250981312432997,0.2467354680300528,0.4627165591379666,54.73393706768972,Defended,Played,None,0.633476257324219,0.5941200256347656,5.951583,-0.309947,-0.138441516743102,0.0,-10.6,-25.5229791871719,1.22972945248915,1.22972945248915,-8.265401,-0.107366,0.356394,-8.840907,-0.078952,0.377813,-12.30952458540952,-10.05991781376144,-0.01846563327692469,0.4045633058469262,3.450170992066963,-0.4990902609127415,3.58072619447719e-01,-1.00000000000000e+00,KOTAMBI-STADIUM-VADODARA,2024-12-27,,R,R,R,India-Women,West-Indies-Women,Seam,1
1735,2,52,India (Women),Pratika Rawal,Aaliyah Alleyne,,8,1,1 (WD),1,0,0,0,0,0,1,1,0,0,0,0,0,0,,,0,7.1,1,1,1,569317,45.5,124.5,1,0,,,Knuckleball,54.0,LEG GLANCE,0,0,1,7,34,2,Outside Off stump,Short of Good Length,1,0,0,0,0,0,0,0,65.088515,-5.055955575843472,8.340585785526308,-0.585568922961839,1.794024025908155,-0.205023088108279,1.43823524945333,-8.98978126335813,-26.6530014540763,1.88791203151985,-6.19231250820302,6.881217164845911,0.08079204129010291,0.5048748117585267,77.65201763476871,Attacked,Missed,None,,0.7036056518554688,7.17809,0.059603,-0.533060029081526,0.0,-10.6,-25.9059066653585,1.77884899645817,1.77884899645817,-999.9,-999.9,-999.9,-8.840998,0.496135,0.47434,-13.07953386137073,-10.06008692820164,0.5929342257616553,0.4872192769507176,1.4669345416758,-0.1235719375685814,1.38467556442071e-01,-1.00000000000000e+00,KOTAMBI-STADIUM-VADODARA,2024-12-27,,R,R,R,India-Women,West-Indies-Women,Seam,1
1735,2,52,India (Women),Pratika Rawal,Aaliyah Alleyne,,8,1,1,1,1,1,0,0,0,0,0,0,0,0,0,0,0,,,0,7.1,1,1,0,569318,-63.0,-124.0,1,0,,,Knuckleball,97.0,BACKFOOT PUSH,0,0,2,7,35,2,Outside Off stump,Good Length,0,0,0,0,0,0,0,0,71.62195236602955,-4.481364597732467,8.340524376623723,-0.5867515123908553,1.605954634645895,-0.226788153927945,-1.35643519774554,-8.18475952565306,-29.4824600106329,-0.12759311987383,-5.64215835485535,8.721299139760433,0.4436889956312983,0.6867831244624653,68.64856910623996,Defended,Edged,None,0.615097045898438,0.6125679016113281,6.6514,-0.536711,-0.147412300053164,0.0,-10.6,-25.2600352012207,0.0592439190421563,0.0592439190421563,-9.146597,-0.523023,0.661399,-8.840653,-0.523765,0.642717,-10.83389572797659,-10.05993616489825,-0.5208003827473998,0.7074290301898376,-0.9428735558665325,0.3823401263213957,-9.07651286088268e-02,-1.00000000000000e+00,KOTAMBI-STADIUM-VADODARA,2024-12-27,,R,R,R,India-Women,West-Indies-Women,Seam,1
1735,2,52,India (Women),Harmanpreet Kaur,Aaliyah Alleyne,,8,2,1 (WD),1,0,0,0,0,0,1,1,0,0,0,0,0,0,,,0,7.2,1,1,1,569319,-63.0,-124.0,1,0,,,Knuckleball,105.0,LEFT ALONE,0,0,3,7,36,2,Wide outside Off stump,Good Length,0,0,0,0,0,0,0,0,66.775205,-3.208892722481785,8.34100686757164,-0.6855775066626342,1.800872077367672,-0.207137602373852,-1.24813049988432,-7.8842729472322,-26.9278883086008,-1.35262429668828,-5.5206416671797,7.237690318111903,0.2264840710948887,0.5747051864394526,73.55737085642902,None,None,None,,0.6805343627929688,4.562815,-1.197297,-0.538557766172016,0.0,-10.6,-24.9826578595986,-0.716356023912909,-0.716356023912909,-999.9,-999.9,-999.9,-8.841066,-1.296811,0.383488,-11.58599315465235,-10.06001086105149,-1.335022402731119,0.4590994580557071,-1.446896779540047,1.233170953120234,-1.66488575759162e-01,-1.00000000000000e+00,KOTAMBI-STADIUM-VADODARA,2024-12-27,,R,R,R,India-Women,West-Indies-Women,Seam,1
1735,2,52,India (Women),Harmanpreet Kaur,Aaliyah Alleyne,,8,2,0,0,0,0,0,0,1,0,0,0,0,0,0,0,0,,,0,7.2,1,1,0,569320,-23.0,23.5,0,0,,,Knuckleball,97.0,BACKFOOT PUSH,0,0,4,7,36,2,Outside Off stump,Good Length,0,0,0,0,0,0,0,0,67.74917695316543,-5.791180543889666,8.340730757724028,-0.6201755148024076,1.80722525240014,-0.213416415607694,-2.2908748662969,-7.85953937835497,-27.7441340290002,-0.161967413648475,-6.08417320615037,8.138957050558268,0.2664005234035433,0.5915297907446377,72.08941627134134,Attacked,Edged,None,0.644760131835938,0.62896728515625,7.255917,-0.512458,-0.138720670145001,0.0,-10.6,-25.1650080886884,0.0148330828979885,0.0148330828979885,-8.830918,-0.508845,0.60823,-8.840941,-0.508839,0.608648,-12.36893007624414,-10.06000421657248,-0.5080932373878477,0.6461784695693236,-1.705528401123568,0.368255106031918,-1.58911934374938e-01,-1.00000000000000e+00,KOTAMBI-STADIUM-VADODARA,2024-12-27,,R,R,R,India-Women,West-Indies-Women,Seam,1
1735,2,52,India (Women),Harmanpreet Kaur,Aaliyah Alleyne,,8,3,0,0,0,0,0,0,1,0,0,0,0,0,0,0,0,,,0,7.3,1,1,0,569321,-23.0,23.5,0,0,,,Knuckleball,51.0,FRONTFOOT COVERDRIVE,0,0,5,7,36,2,Wide outside Off stump,Full Length,0,0,0,0,0,0,0,0,69.30258462138414,-3.667856643723081,8.340548712969657,-0.5342611373854405,1.792792872791589,-0.215651112723178,-3.1981020880514,-8.32198977701123,-28.0346446540132,-1.09172391044894,-5.75630929542207,9.014605571839184,0.3089315695503542,0.689745748423591,82.56870530850324,Attacked,Missed,None,0.623989105224609,0.6578750610351562,5.042527,-0.700472,-0.140173223270066,0.0,-10.6,-25.026763024417,-1.10190256013054,-1.10190256013054,-999.9,-999.9,-999.9,-8.840553,-0.870627,0.524671,-11.60318324884784,-10.06024036023291,-0.925695645152822,0.6280559132757166,-2.895035028014676,-0.290962937639359,-3.21091437338993e-01,-1.00000000000000e+00,KOTAMBI-STADIUM-VADODARA,2024-12-27,,R,R,R,India-Women,West-Indies-Women,Seam,1
1735,2,52,India (Women),Harmanpreet Kaur,Aaliyah Alleyne,,8,4,1,1,1,1,0,0,0,0,0,0,0,0,0,0,0,,,0,7.4,1,1,0,569322,-163.5,80.5,1,0,,,Knuckleball,51.0,FRONTFOOT COVERDRIVE,0,0,6,7,37,2,Outside Off stump,Full Toss,0,0,0,0,0,0,0,0,66.330582,0.4011777554000721,8.340796761149527,-0.4946608114598733,1.860526756697883,-0.198630898059317,-3.20525225361452,-8.20580829518152,-25.8220167477112,-1.50497383546039,-5.49213225768739,8.279901775338008,0.1427156501203279,0.6499999999999994,93.2284349879671,Attacked,Played,None,,0.5927009582519531,-0.8311530000000005,-0.766804,-0.184442976769366,0.251959100280178,-10.6,-24.5309159103257,-1.42972514368737,-1.42972514368737,-8.233326,-0.630099,0.542217,-8.841063,-0.658197,0.43239,-12.0074156306277,-10.06009400679519,-0.720171355050406,0.1971887745365072,-4.729643599026355,0.0,-5.38649973826173e-01,-1.00000000000000e+00,KOTAMBI-STADIUM-VADODARA,2024-12-27,,R,R,R,India-Women,West-Indies-Women,Seam,1
1735,2,52,India (Women),Pratika Rawal,Aaliyah Alleyne,,8,5,4,4,4,0,0,0,0,0,0,0,0,0,1,0,0,,,0,7.5,1,1,0,569323,-50.0,-153.0,4,0,,,Knuckleball,97.0,BACKFOOT PUSH,0,0,7,7,41,2,Outside Off stump,Good Length,0,0,0,0,0,0,0,0,67.30377831196843,-5.185456471744472,8.340675263417495,-0.5672307436836367,1.815621333713662,-0.211466224031006,-0.0476817390296243,-8.08903920767305,-27.4906091240308,0.266250482142235,-6.01223343714204,9.452997896219541,0.3060138630091627,0.6759496871584758,80.79106677285512,Defended,Edged,None,0.645160675048828,0.632354736328125,6.713083,-0.454886,-0.137453045620154,0.0,-10.6,-24.4082984661648,0.0835070946298639,0.0835070946298639,-8.760508,-0.436077,0.684802,-8.840651,-0.435794,0.69042,-12.33642732144134,-10.05982610413468,-0.4314740405648103,0.7610958279325317,0.008652985809512962,-0.3588775728869189,9.13314343186630e-04,-1.00000000000000e+00,KOTAMBI-STADIUM-VADODARA,2024-12-27,,R,R,R,India-Women,West-Indies-Women,Seam,1
1735,2,52,India (Women),Pratika Rawal,Aaliyah Alleyne,,8,6,1 (WD),1,0,0,0,0,0,1,1,0,0,0,0,0,0,,,0,7.6,1,1,1,569324,-50.0,-153.0,1,0,,,Knuckleball,105.0,LEFT ALONE,0,0,8,7,42,2,Wide outside Off stump,Full Length,0,0,0,0,0,0,0,0,66.78466318869194,-2.288406207962006,8.340709065149326,-0.561838853990191,1.823415701176426,-0.206137665202453,-2.24464973195246,-8.58742721582085,-26.7978964763189,-1.13854805297486,-5.66444753727403,8.632150146417574,0.2803284068870498,0.6485063312809582,79.24310900343876,None,None,None,0.642242431640625,0.6738739013671875,3.668115999999999,-0.850384,-0.133989482381594,0.0,-10.6,-24.1975836675171,-0.574375651918818,-0.574375651918818,-999.9,-999.9,-999.9,-8.840849,-0.908913,0.357273,-11.93529868944309,-10.05988785639269,-0.9383473965131164,0.4762513226596401,-2.491274692543056,1.073063435599084,-3.03133953314545e-01,-1.00000000000000e+00,KOTAMBI-STADIUM-VADODARA,2024-12-27,,R,R,R,India-Women,West-Indies-Women,Seam,1
1735,2,52,India (Women),Pratika Rawal,Aaliyah Alleyne,,8,6,0,0,0,0,0,0,1,0,0,0,0,0,0,0,0,,,0,7.6,1,1,0,569325,-45.5,52.0,0,0,,,Knuckleball,49.0,FORWARD DEFENCE,0,0,9,7,42,2,Outside Off stump,Good Length,0,0,0,0,0,0,0,0,65.74479519990449,-3.402149934599206,8.341001858452799,-0.5753544608969346,1.81200750611238,-0.205223945292097,0.361168222594807,-9.08371516439792,-26.6791128879726,0.993409511860858,-5.9308093149368,8.35936652698695,0.2348157615158854,0.6057354962804975,77.37874829048609,Defended,Played,None,0.634403228759766,0.5988922119140625,5.501962,-0.155788,-0.133395564439863,0.0,-10.6,-24.4483376854422,0.798622208483325,0.798622208483325,-7.898963,-0.045647,0.437829,-8.840869,-0.014226,0.513453,-12.53314128284671,-10.06004211288815,0.02669178427312782,0.5873350461540178,0.5173001452156315,-0.2615087379991074,5.58180717512521e-02,-1.00000000000000e+00,KOTAMBI-STADIUM-VADODARA,2024-12-27,,R,R,R,India-Women,West-Indies-Women,Seam,1
1735,2,52,India (Women),Harmanpreet Kaur,Deandra Dottin,,9,1,0,0,0,0,0,0,1,0,0,0,0,0,0,0,0,,,0,8.1,1,1,0,569326,-15.5,39.5,0,0,,,Knuckleball,50.0,BACKFOOT DEFENCE,0,0,1,8,42,2,Outside Off stump,Good Length,1,0,0,0,0,0,0,0,65.1666415677413,-7.257956342550128,8.340782898951872,-0.6103493520834922,1.860936697595428,-0.206661450508064,2.17908779824983,-8.41406980315571,-26.8659885660483,0.846750102086846,-6.6485055630554,11.31687310827776,0.2870593088519041,0.7102172926830406,87.82666301726567,Defended,Played,None,0.684185028076172,0.6655426025390625,8.569454,-0.447232,-0.134329942830241,0.0,-10.6,-23.5945552536381,0.990886837007844,0.990886837007844,-8.717561,-0.137303,0.997526,-8.840757,-0.131905,1.00503,-13.89968964661974,-10.0600587338794,-0.07826753228752908,1.062505143293684,1.650476636800035,0.5995795304714743,1.36461627038221e-01,-1.00000000000000e+00,KOTAMBI-STADIUM-VADODARA,2024-12-27,,R,R,R,India-Women,West-Indies-Women,Seam,1
1735,2,52,India (Women),Harmanpreet Kaur,Deandra Dottin,,9,2,1 (WD),1,0,0,0,0,0,1,1,0,0,0,0,0,0,,,0,8.2,1,1,1,569327,-15.5,39.5,1,0,,,Knuckleball,105.0,LEFT ALONE,0,0,2,8,43,2,Wide outside Off stump,Full Toss,0,0,0,0,0,0,0,0,67.013071230385,-0.6224630574226049,8.341054876640882,-0.6236186189499845,1.921418338201535,-0.203462227479231,-0.713170026540005,-8.40209082490812,-26.4500895723,-1.05826345388056,-5.63706631453783,9.249561088082329,0.1532997895890931,0.7211358185040931,102.8403938167047,None,None,None,0.624847412109375,0.6544990539550781,0.5617230000000006,-1.150023,-0.1322504478615,0.0,-10.6,-24.9617965696713,-1.05100911087393,-1.05100911087393,-999.9,-999.9,-999.9,-8.840823,-1.124004,0.173967,-12.03093172976749,-10.06005384147007,-1.173711701707933,0.1257158114399665,-1.134112089183597,-0.1198258202075228,-1.63097583617882e-01,-1.00000000000000e+00,KOTAMBI-STADIUM-VADODARA,2024-12-27,,R,R,R,India-Women,West-Indies-Women,Seam,1
1735,2,52,India (Women),Harmanpreet Kaur,Deandra Dottin,,9,2,4,4,4,0,0,0,0,0,0,0,0,0,1,0,0,,,0,8.2,1,1,0,569328,-208.5,43.5,4,0,,,Knuckleball,51.0,FRONTFOOT COVERDRIVE,0,0,3,8,47,2,Outside Off stump,Full Length,0,0,0,0,0,0,0,0,67.22329031624417,-3.640108088884201,8.340766826640774,-0.5676798070465698,1.864383108281598,-0.209365644533312,0.58730632643803,-8.7706273773372,-27.2175337893306,0.0693988528316889,-5.97049644875008,8.924027527590118,0.2671303655670551,0.6467498108225432,80.29943506667597,Attacked,Played,None,0.631072998046875,0.5977249145507812,5.161719,-0.598541,-0.136087668946653,0.0,-10.6,-24.5910227117524,-0.0983822009111813,-0.0983822009111813,-8.176026,-0.611775,0.463232,-8.840978,-0.614489,0.526399,-12.37255436067321,-10.06010525361779,-0.6194927938792308,0.6216832754550123,0.5332521973577078,-0.3753156793224238,-4.52342632240459e-01,-1.00000000000000e+00,KOTAMBI-STADIUM-VADODARA,2024-12-27,,R,R,R,India-Women,West-Indies-Women,Seam,1
1735,2,52,India (Women),Harmanpreet Kaur,Deandra Dottin,,9,3,0,0,0,0,0,0,1,0,0,0,0,0,0,0,0,,,0,8.3,1,1,0,569329,-93.5,69.5,0,0,,,Knuckleball,97.0,BACKFOOT PUSH,0,0,4,8,47,2,Outside Off stump,Short of Good Length,0,0,0,0,0,0,0,0,68.48734959286733,-7.004040071521748,8.34066075726598,-0.6314104017017179,1.820104496239504,-0.216948809282442,2.00986050502449,-8.50767068473461,-28.2033452067175,0.765701633361499,-6.65788601769415,9.52605746594246,0.3021208018344747,0.628363708567096,74.04247610161693,Attacked,Played,None,0.649314880371094,0.6317367553710938,8.334651,-0.486946,-0.141016726033587,0.0,-10.6,-24.9303959053711,0.628099271731481,0.628099271731481,-8.760787,-0.306071,0.799286,-8.840762,-0.303972,0.803006,-13.28248586357449,-10.05980237872089,-0.2718560170783701,0.8451724026026185,1.414155595425452,-0.1119482336367391,1.08798786581732e-01,-1.00000000000000e+00,KOTAMBI-STADIUM-VADODARA,2024-12-27,,R,R,R,India-Women,West-Indies-Women,Seam,1
1735,2,52,India (Women),Harmanpreet Kaur,Deandra Dottin,,9,4,4,4,4,0,0,0,0,0,0,0,0,0,1,0,0,,,0,8.4,1,1,0,569330,-179.5,142.5,4,0,,,Knuckleball,51.0,FRONTFOOT COVERDRIVE,0,0,5,8,51,2,Outside Off stump,Full Length,0,1,1,0,1,0,0,0,68.5752273223572,-4.771070447312929,8.341002028825628,-0.6023007124280363,1.853960957059368,-0.214410697198234,0.415093186786171,-7.97234238516513,-27.8733906357704,0.17443516057036,-5.95758243788496,8.37113300380453,0.2767837889680747,0.6223750055531717,75.6778719361683,Attacked,Played,None,0.626197814941406,0.5946578979492188,5.923147,-0.56566,-0.139366953178852,0.0,-10.6,-25.1973524923218,0.260721800734097,0.260721800734097,-8.301076,-0.522068,0.507474,-8.840588,-0.516345,0.547405,-12.06470976572174,-10.06004713618682,-0.5033451639519412,0.6191379014925764,0.3641877007747443,0.234269711584833,3.78412464941298e-02,-1.00000000000000e+00,KOTAMBI-STADIUM-VADODARA,2024-12-27,,R,R,R,India-Women,West-Indies-Women,Seam,1
1735,2,52,India (Women),Harmanpreet Kaur,Deandra Dottin,,9,5,4,4,4,0,0,0,0,0,0,0,0,0,1,0,0,,,0,8.5,1,1,0,569331,-178.0,142.0,4,0,,,Knuckleball,51.0,FRONTFOOT COVERDRIVE,0,0,6,8,55,2,Outside Off stump,Full Length,0,0,1,0,0,0,0,0,67.47984380386893,-1.67567842959302,8.3410392741912,-0.5619329776515432,1.876618587957839,-0.206750530546043,0.941001483488471,-8.7665132282687,-26.8775689709856,0.477681451032327,-5.75707962856843,11.29101356897,0.1316850974550067,0.8825656167711431,129.2163327701708,Attacked,Played,None,0.622844696044922,0.5951614379882812,2.561529999999999,-0.441795,-0.134387844854928,0.0,-10.6,-25.4486958381072,0.548206676059594,0.548206676059594,-8.490131,-0.420377,0.221045,-8.840935,-0.412773,0.284756,-12.08986659025903,-10.06016463933229,-0.3862352531963957,0.4911349707618715,1.104834808668659,0.2158725236222992,1.28924532935872e-01,-1.00000000000000e+00,KOTAMBI-STADIUM-VADODARA,2024-12-27,,R,R,R,India-Women,West-Indies-Women,Seam,1
1735,2,52,India (Women),Harmanpreet Kaur,Deandra Dottin,,9,6,0,0,0,0,0,0,1,0,0,0,0,0,0,0,0,,,0,8.6,1,1,0,569332,-104.5,72.5,0,0,,,Knuckleball,51.0,FRONTFOOT COVERDRIVE,0,0,7,8,55,2,Outside Off stump,Full Length,0,0,1,0,0,0,0,0,69.7540923006589,-1.253952960970003,8.340631845175977,-0.5287033871503328,1.872141816171469,-0.211580669478244,-0.820282677157393,-8.18134872516121,-27.5054870321717,-0.174858777963793,-5.52222979708777,7.821641430737698,0.1509383854327547,0.6499999999999998,92.4061614567245,Attacked,Played,None,0.599899291992188,0.5683822631835938,1.066902000000001,-0.488612,-0.196467764515512,0.0326019387267636,-10.6,-26.1302126805631,-0.166115839065603,-0.166115839065603,-8.353603,-0.484777,0.16278,-8.841095,-0.487659,0.06728,-11.35225332026691,-10.05976359482747,-0.4953929941132525,0.1751181930571005,-0.9347325802563581,0.0,-1.21192380353228e-01,-1.00000000000000e+00,KOTAMBI-STADIUM-VADODARA,2024-12-27,,R,R,R,India-Women,West-Indies-Women,Seam,1
1735,2,52,India (Women),Pratika Rawal,Hayley Matthews,,10,1,0,0,0,0,0,0,1,0,0,0,0,0,0,0,0,,,0,9.1,1,1,0,569333,-29.0,20.5,0,0,,,Knuckleball,49.0,FORWARD DEFENCE,0,0,1,9,55,2,Outside Off stump,Good Length,1,0,1,0,0,0,0,0,49.92906932514441,0.5383716657068619,8.340848474470224,-0.6862213229405089,2.107392172622793,-0.154642322661329,-0.858643150421376,-9.87419640444848,-20.1035019459727,0.425849127436254,-6.40065729168971,11.34631424346667,0.1947490007928762,0.5682965206295202,75.76957801514041,Defended,Played,None,0.847389221191406,0.7866668701171875,4.221505,-0.208742,-0.100517509729864,0.0,-10.6,-18.127493477528,0.963786659631012,0.963786659631012,-7.951081,-0.095759,0.388676,-8.840702,-0.04778,0.494761,-17.66070472888911,-10.06007725805403,0.01837613323288886,0.5979543164493415,-1.356212774899371,1.82988078755994,-1.58809666137725e-01,-1.00000000000000e+00,KOTAMBI-STADIUM-VADODARA,2024-12-27,,R,R,R,India-Women,West-Indies-Women,Spin,1
1735,2,52,India (Women),Pratika Rawal,Hayley Matthews,,10,2,0,0,0,0,0,0,1,0,0,0,0,0,0,0,0,,,0,9.2,1,1,0,569334,-63.5,108.0,0,0,,,Knuckleball,27.0,FORWARD PUSH,0,0,2,9,55,2,Outside Off stump,Full Length,0,0,1,0,0,0,0,0,49.50519835799083,1.739030066382037,8.340652544732762,-0.6689728743047498,2.118775755618902,-0.153516812947276,-1.16490802216156,-10.1022226671344,-19.9571856831458,0.103696367323421,-6.52463438299128,13.36954465874601,0.3163137428183567,0.6059314609219665,69.25834485645932,Attacked,Played,None,0.872428894042969,0.7756805419921875,3.368196,-0.299145,-0.0997859284157292,0.0,-10.6,-16.6341928744928,0.543914347298061,0.543914347298061,-7.734893,-0.26493,0.262108,-8.840868,-0.228417,0.458862,-18.10420353217028,-10.06017945663182,-0.1878759518886175,0.6213543959005372,-2.104450507411631,1.575120035315233,-2.60658429397631e-01,-1.00000000000000e+00,KOTAMBI-STADIUM-VADODARA,2024-12-27,,R,R,R,India-Women,West-Indies-Women,Spin,1
1735,2,52,India (Women),Pratika Rawal,Hayley Matthews,,10,3,0,0,0,0,0,0,1,0,0,0,0,0,0,0,0,,,0,9.3,1,1,0,569335,29.5,29.0,0,0,,,Knuckleball,49.0,FORWARD DEFENCE,0,0,3,9,55,2,Outside Off stump,Full Length,0,0,1,0,0,0,0,0,50.22877463239095,1.299566650644518,8.340554381829083,-0.6687452923215144,2.091648950528092,-0.155076436532033,-0.854930376979854,-10.2272124878825,-20.1599367491643,0.487091879601567,-6.50531902596036,12.80270066482526,0.3281831767101505,0.5856309324806593,65.02632220108387,Defended,Played,None,0.839561462402344,0.770050048828125,3.812563,-0.133635,-0.100799683745821,0.0,-10.6,-16.7648700688739,0.72639180466854,0.72639180466854,-7.653642,-0.072448,0.318653,-8.840989,-0.020376,0.500512,-17.88413730728846,-10.06009569968841,0.03348355802148281,0.6313048270247441,-1.356749431706886,1.096896006531815,-1.63003336880165e-01,-1.00000000000000e+00,KOTAMBI-STADIUM-VADODARA,2024-12-27,,R,R,R,India-Women,West-Indies-Women,Spin,1
1735,2,52,India (Women),Pratika Rawal,Hayley Matthews,,10,4,0 WK,W,0,0,0,0,1,0,0,0,0,0,0,0,1,Caught,WICKET,1,9.4,1,1,0,569336,48.0,122.0,0,0,,,Knuckleball,11.0,LOFTED ON DRIVE,0,0,4,9,55,3,Outside Off stump,Full Length,1,0,1,0,0,0,0,0,43.63939343403014,4.013893661191679,8.340682122734801,-0.670338866779973,2.179183539366525,-0.138050572803592,-0.569301933131893,-10.2212470333921,-17.946574464467,0.152421408475863,-6.77288872957264,16.30478322150991,0.3183647958318898,0.6218047680922576,71.43423563064967,None,None,None,0.99298095703125,0.8617630004882812,3.216081,-0.366088,-0.089732872322335,0.0,-10.6,-14.3974525422605,1.2336211740407,1.2336211740407,-7.72746,-0.290174,0.271078,-8.840908,-0.193906,0.516546,-20.67609167549481,-10.0599740303402,-0.08772666047187505,0.7124214796161529,-1.250908178007057,4.410724732701398,-1.64162448731622e-01,-1.00000000000000e+00,KOTAMBI-STADIUM-VADODARA,2024-12-27,,R,R,R,India-Women,West-Indies-Women,Spin,1
1735,2,52,India (Women),Jemimah Rodrigues,Hayley Matthews,,10,5,0,0,0,0,0,0,1,0,0,0,0,0,0,0,0,,,0,9.5,1,1,0,569337,-62.5,13.5,0,0,,,Knuckleball,49.0,FORWARD DEFENCE,0,0,5,9,55,3,Outside Off stump,Good Length,2,0,1,0,0,0,0,0,50.417727,0.1997110145694653,8.341042347391774,-0.6706665810108052,2.081496992207888,-0.156788037940372,-0.820284092751486,-10.3309974708751,-20.3824449322483,0.260082647297298,-6.50559397264037,13.23619414124398,0.339932509885757,0.6079046589136897,67.19244784847776,Defended,Played,None,0.99298095703125,0.7801094055175781,4.73982,-0.338324,-0.101912224661242,0.0,-10.6,-16.8135123072845,0.704913829583735,0.704913829583735,-7.703662,-0.237667,0.490108,-8.840704,-0.189127,0.633074,-17.70185224523226,-10.06008763826488,-0.1366907773455898,0.7310421704420532,-1.259523591315552,1.669682630100795,-1.42392921826993e-01,-1.00000000000000e+00,KOTAMBI-STADIUM-VADODARA,2024-12-27,,R,R,R,India-Women,West-Indies-Women,Spin,1
1735,2,52,India (Women),Jemimah Rodrigues,Hayley Matthews,,10,6,1 (LB),1,0,0,0,0,1,1,0,0,0,1,0,0,0,,,0,9.6,1,1,1,569338,-62.5,13.5,1,0,,,Knuckleball,40.0,FRONTFOOT FLICK,0,0,6,9,56,3,Off stump,Good Length,0,0,1,0,0,0,0,0,49.45499661606106,1.433798908037858,8.340859199343097,-0.6552532507911377,2.131949541860499,-0.152926780775198,-0.786502163685711,-10.6050827038956,-19.8804815007757,0.622698661602012,-6.69419095350859,13.03877154603384,0.2855332678815728,0.5803112284712787,68.49335748253453,Attacked,Missed,None,0.87872314453125,0.82232666015625,4.08108,-0.046138,-0.0994024075038787,0.0,-10.6,-16.774748985942,1.78641090623162,1.78641090623162,-8.294778,0.202195,0.471171,-8.840876,0.261257,0.545096,-18.60949974247362,-10.06000920056261,0.3938151412391974,0.6688266282268893,-1.214941234522639,4.28471059782651,-1.40833146784375e-01,-1.00000000000000e+00,KOTAMBI-STADIUM-VADODARA,2024-12-27,,R,R,R,India-Women,West-Indies-Women,Spin,1
1735,2,52,India (Women),Jemimah Rodrigues,Afy Fletcher,,11,1,0,0,0,0,0,0,1,0,0,0,0,0,0,0,0,,,0,10.1,1,1,0,569339,15.0,68.5,0,0,,,Knuckleball,27.0,FORWARD PUSH,0,0,1,10,56,3,Leg stump,Full Length,1,0,1,0,0,0,0,0,44.47210669976064,4.88044270800152,8.340762021407379,-0.4287428529194448,1.886616678612797,-0.136557682582373,-0.0834730653430447,-10.0382809932828,-17.7524987357085,0.523025495428108,-6.33132471138653,13.55714828764892,0.2308616230258047,0.587993068027187,75.11279790149757,Attacked,Played,None,0.968891143798828,0.8645782470703125,3.411122000000001,0.015878,-0.0887624936785424,0.0,-10.6,-15.4386198702305,0.121249232081175,0.121249232081175,-7.656323,0.023813,0.253274,-8.840748,0.033202,0.45604,-19.62847825691296,-10.06002257673152,0.04293405639882311,0.5991493816710353,-0.01850042950753288,-1.237593848429689,-5.98231311075903e-03,-1.00000000000000e+00,KOTAMBI-STADIUM-VADODARA,2024-12-27,,R,R,R,India-Women,West-Indies-Women,Spin,1
1735,2,52,India (Women),Jemimah Rodrigues,Afy Fletcher,,11,2,0,0,0,0,0,0,1,0,0,0,0,0,0,0,0,,,0,10.2,1,1,0,569340,0.0,69.0,0,0,,,Knuckleball,27.0,FORWARD PUSH,0,0,2,10,56,3,Leg stump,Full Length,0,0,1,0,0,0,0,0,46.0737,4.556570231768246,8.340652002932309,-0.4548591014932651,1.877482530242849,-0.141320434421259,-0.100592466464614,-10.1438384742175,-18.3716564747637,0.445876982030929,-6.31793278533503,12.02357835883168,0.1745197012658933,0.5614373313081269,76.76362956962971,Defended,Played,None,0.968891143798828,0.8412437438964844,3.167311,-0.074332,-0.0918582823738186,0.0,-10.6,-16.6542001170725,0.201554621363438,0.201554621363438,-7.842126,-0.062811,0.227281,-8.840975,-0.050626,0.385733,-18.9778708300243,-10.06008730584327,-0.03566031361152405,0.5273153524888805,-0.07428099461898492,-0.696907343035421,5.49672629689091e-03,-1.00000000000000e+00,KOTAMBI-STADIUM-VADODARA,2024-12-27,,R,R,R,India-Women,West-Indies-Women,Spin,1
1735,2,52,India (Women),Jemimah Rodrigues,Afy Fletcher,,11,3,2,2,2,0,1,0,0,0,0,0,0,0,0,0,0,,,0,10.3,1,1,0,569341,-150.0,92.5,2,0,,,Knuckleball,51.0,FRONTFOOT COVERDRIVE,0,0,3,10,58,3,Leg stump,Full Length,0,0,1,0,0,0,0,0,44.87618474066901,5.093507528637502,8.340632254673551,-0.4170262126594207,1.881253095119596,-0.13821352106769,-0.179910778256169,-10.0689314421149,-17.9677577387998,0.300630547449149,-6.35188469776839,13.59749447705418,0.08432673450902822,0.6499999999999996,99.06732654909713,Attacked,Played,None,0.962184906005859,0.86773681640625,3.026796,-0.115073,-0.128341126705713,-0.0366941933188774,-10.6,-17.0693698518598,-0.764400979923308,-0.764400979923308,-8.037009,-0.16026,0.262266,-8.840661,-0.196778,0.416954,-19.46930173526831,-10.06007308386408,-0.2527789015191238,0.6070780831722662,-0.3133900446046428,-3.52267249554672,9.19434426452522e-02,-1.00000000000000e+00,KOTAMBI-STADIUM-VADODARA,2024-12-27,,R,R,R,India-Women,West-Indies-Women,Spin,1
1735,2,52,India (Women),Jemimah Rodrigues,Afy Fletcher,,11,4,1,1,1,1,0,0,0,0,0,0,0,0,0,0,0,,,0,10.4,1,1,0,569342,-81.0,110.0,1,0,,,Knuckleball,51.0,FRONTFOOT COVERDRIVE,0,0,4,10,59,3,Leg stump,Full Length,0,0,1,0,0,0,0,0,45.68986459416323,4.112122488720624,8.34091208372919,-0.4507202329221717,1.871906420397733,-0.140249912243309,-0.221111023509851,-9.57252297333546,-18.2324885916302,0.34689859487077,-6.08687415295766,13.5168097841294,0.2924366856150636,0.6069344409829541,71.79649758593675,Attacked,Played,None,0.926078796386719,0.8480415344238281,3.192993,-0.108287,-0.0911624429581508,0.0,-10.6,-15.3681423675505,-0.472506045057168,-0.472506045057168,-7.774652,-0.136269,0.24884,-8.840929,-0.169335,0.437488,-18.46146801752374,-10.06010455608011,-0.2074030487633301,0.5903872270007609,-0.3763429007476359,-2.851051425281415,-4.28020350265208e-02,-1.00000000000000e+00,KOTAMBI-STADIUM-VADODARA,2024-12-27,,R,R,R,India-Women,West-Indies-Women,Spin,1
1735,2,52,India (Women),Harmanpreet Kaur,Afy Fletcher,,11,5,1,1,1,1,0,0,0,0,0,0,0,0,0,0,0,,,0,10.5,1,1,0,569343,105.5,-6.0,1,0,,,Knuckleball,51.0,FRONTFOOT COVERDRIVE,0,0,5,10,60,3,Leg stump,Good Length,0,0,1,0,0,0,0,0,43.4867330938936,5.141214963626804,8.340740066479178,-0.6251847203441493,1.875128687055479,-0.133788914759303,-0.112671660795328,-10.1294727563703,-17.3925589187094,0.482466412792344,-6.34579092334328,18.01076443317038,0.3011122114237307,0.7224814988571072,88.261003686193,Defended,Edged,None,0.997261047363281,0.8832435607910156,3.746371,-0.204091,-0.0869627945935469,0.0,-10.6,-14.1012916206721,0.433069458126052,0.433069458126052,-7.506078,-0.167334,0.388022,-8.840662,-0.125871,0.69225,-20.04483445605443,-10.05985172805499,-0.08768967310729706,0.8864695461377052,-0.1052110229758406,0.1701098486302574,-1.23421173302829e-02,-1.00000000000000e+00,KOTAMBI-STADIUM-VADODARA,2024-12-27,,R,R,R,India-Women,West-Indies-Women,Spin,1
1735,2,52,India (Women),Jemimah Rodrigues,Afy Fletcher,,11,6,1,1,1,1,0,0,0,0,0,0,0,0,0,0,0,,,0,10.6,1,1,0,569344,138.0,122.0,1,0,,,Knuckleball,47.0,FRONTFOOT ON DRIVE,0,0,6,10,61,3,Leg stump,Full Length,0,0,1,0,0,0,0,0,42.2601990357355,7.234658197544544,8.340941349021445,-0.6336234100030043,1.907758393032234,-0.128680792964215,0.0829167856619745,-10.267331675716,-16.728503085348,0.790791850329261,-6.6362524382451,17.47879346357139,0.3827481751691937,0.5990546017307219,61.58337274268892,Attacked,Edged,None,1.03432846069336,0.9371337890625,2.853098,0.028669,-0.0836425154267399,0.0,-10.6,-12.6248955405837,1.23916730022552,1.23916730022552,-7.952723,0.102055,0.255227,-8.840865,0.189921,0.465958,-21.63839116815491,-10.0600812235054,0.3113968250869503,0.6695224127675803,0.5110772096389877,2.899299952835087,6.62209965470114e-02,-1.00000000000000e+00,KOTAMBI-STADIUM-VADODARA,2024-12-27,,R,R,R,India-Women,West-Indies-Women,Spin,1
1735,2,52,India (Women),Jemimah Rodrigues,Hayley Matthews,,12,1,0,0,0,0,0,0,1,0,0,0,0,0,0,0,0,,,0,11.1,1,1,0,569345,-55.0,32.5,0,0,,,Knuckleball,49.0,FORWARD DEFENCE,0,0,1,11,61,3,Outside Off stump,Good Length,1,0,1,0,0,0,0,0,50.1146127335451,0.7719608271088647,8.340580677272445,-0.6737816013847067,2.108674626883815,-0.155183230118203,-1.10137112645442,-10.1119542372765,-20.1738199153664,0.0197090925779231,-6.48338204004539,13.40607695852646,0.3179125856972447,0.6180604273896586,70.91780553872434,Defended,Played,None,0.846107482910156,0.7759437561035156,4.134254,-0.412622,-0.100869099576832,0.0,-10.6,-16.8122271574103,0.945023345812889,0.945023345812889,-7.68092,-0.31344,0.396908,-8.840961,-0.247306,0.57352,-17.81616007536923,-10.05984024958309,-0.1773121328397578,0.7038975974047218,-1.88503559322315,3.16126177483301,-2.22225905566941e-01,-1.00000000000000e+00,KOTAMBI-STADIUM-VADODARA,2024-12-27,,R,R,R,India-Women,West-Indies-Women,Spin,1
1735,2,52,India (Women),Jemimah Rodrigues,Hayley Matthews,,12,2,0,0,0,0,0,0,1,0,0,0,0,0,0,0,0,,,0,11.2,1,1,0,569346,-42.0,-9.5,0,0,,,Knuckleball,32.0,FORNTFOOT PUNCH,0,0,2,11,61,3,Outside Off stump,Good Length,0,0,1,0,0,0,0,0,47.096475,0.8775313758356127,8.340974827889255,-0.6962867964117986,2.292039204536145,-0.146165979901599,-0.308082721045273,-10.0957845958756,-19.0015773872078,0.0640853829782722,-6.74593078390064,17.79732243948655,0.4597269414684194,0.6581427127867138,62.74871277116513,Defended,Played,None,,0.8325347900390625,4.392908,-0.575911,-0.380031547744157,0.0,-10.6,-13.8305323056673,0.892671653339421,0.892671653339421,-7.453041,-0.457715,0.538337,-8.8409,-0.361574,0.803868,-19.54585529496344,-10.06001545766675,-0.2737486379483215,0.9389707010777906,-0.5682890009860201,3.499713564099332,5.16195516818035e-01,-1.00000000000000e+00,KOTAMBI-STADIUM-VADODARA,2024-12-27,,R,R,R,India-Women,West-Indies-Women,Spin,1
1735,2,52,India (Women),Jemimah Rodrigues,Hayley Matthews,,12,3,1,1,1,1,0,0,0,0,0,0,0,0,0,0,0,,,0,11.3,1,1,0,569347,151.0,83.0,1,0,,,Knuckleball,58.0,BACKFOOT PULL SHOT,0,0,3,11,62,3,Outside Off stump,Short Length,0,0,1,0,0,0,0,0,59.07769876922595,-7.609000814467955,8.340746868313317,-0.679657115906482,1.999002905226112,-0.187365552496074,-0.714012474511333,-8.77090139533336,-24.3575218244896,0.788337755140222,-6.83087558525124,10.16615583561829,0.1859751917273367,0.5865754184695692,79.3887935977017,Attacked,Played,None,0.746360778808594,0.7022666931152344,8.796514,-0.328095,-0.121787609122448,0.0,-10.6,-22.3447127988015,0.669240175964215,0.669240175964215,-8.316,-0.1127,0.775654,-8.840921,-0.096326,0.787044,-15.6657349030974,-10.05999465746589,-0.05810808055742561,0.7889401732676682,-0.466779306235217,-0.1382094004298457,-3.47669202726625e-02,-1.00000000000000e+00,KOTAMBI-STADIUM-VADODARA,2024-12-27,,R,R,R,India-Women,West-Indies-Women,Spin,1
1735,2,52,India (Women),Harmanpreet Kaur,Hayley Matthews,,12,4,4,4,4,0,0,0,0,0,0,0,0,0,1,0,0,,,0,11.4,1,1,0,569348,20.5,-156.0,4,0,,,Knuckleball,54.0,LEG GLANCE,0,0,4,11,66,3,Leg stump,Full Length,0,0,1,0,0,0,0,0,45.32142146933678,3.292704078451164,8.340799099827361,-0.6033989236929719,2.144041996895662,-0.139926297013011,-0.566869157431786,-10.6261293824614,-18.1904186116914,0.570885777882537,-6.80299064161437,13.75224007660461,0.3153447391142161,0.5326916493944329,58.36927349774333,Attacked,Played,None,0.964164733886719,0.86480712890625,4.024665,-0.01621,-0.0909520930584573,0.0,-10.6,-14.8071343574642,1.75953427904624,1.75953427904624,-7.732449,0.186517,0.377097,-8.840724,0.320061,0.528918,-20.50517251939765,-10.06008032853073,0.468062130683685,0.6258415657645225,-1.024388525932623,4.979115979443642,-1.21382467355723e-01,-1.00000000000000e+00,KOTAMBI-STADIUM-VADODARA,2024-12-27,,R,R,R,India-Women,West-Indies-Women,Spin,1
1735,2,52,India (Women),Harmanpreet Kaur,Hayley Matthews,,12,5,0,0,0,0,0,0,1,0,0,0,0,0,0,0,0,,,0,11.5,1,1,0,569349,-49.5,23.5,0,0,,,Knuckleball,49.0,FORWARD DEFENCE,0,0,5,11,66,3,Outside Off stump,Good Length,0,0,1,0,0,0,0,0,45.96797710859794,3.366771346676147,8.340632465980608,-0.5950835575150978,2.119783033232306,-0.14242301911838,-0.573888352915168,-10.6459368874785,-18.5149924853894,0.015556957657297,-6.77528118325631,14.18607111055343,0.2380763087973589,0.5943007755853332,75.33748545806411,Defended,Played,None,0.947433471679688,0.8463821411132812,3.740038999999999,-0.421889,-0.0925749624269469,0.0,-10.6,-15.9290724756867,0.674291646813554,0.674291646813554,-7.844137,-0.357082,0.370859,-8.84091,-0.314386,0.540062,-20.09933436641493,-10.05991836292347,-0.2618274535394806,0.6899880415518569,-1.192322638668049,2.375791660792947,-1.44193217866013e-01,-1.00000000000000e+00,KOTAMBI-STADIUM-VADODARA,2024-12-27,,R,R,R,India-Women,West-Indies-Women,Spin,1
1735,2,52,India (Women),Harmanpreet Kaur,Hayley Matthews,,12,6,0,0,0,0,0,0,1,0,0,0,0,0,0,0,0,,,0,11.6,1,1,0,569350,52.0,49.0,0,0,,,Knuckleball,49.0,FORWARD DEFENCE,0,0,6,11,66,3,Off stump,Good Length,0,0,1,0,0,0,0,0,48.6558008029936,1.886212305610798,8.340800181044475,-0.6855722196104878,2.118874395978039,-0.150650742523981,-0.76981867248666,-10.9383954993505,-19.5845965281175,0.436265989555542,-6.78995122861846,12.79151474184974,0.2808789607912715,0.554648975656647,65.1094502693699,Defended,Played,None,0.894195556640625,0.8035812377929688,4.244176,-0.205032,-0.0979229826405876,0.0,-10.6,-16.5876550661603,1.10619976812909,1.10619976812909,-7.752911,-0.075107,0.404058,-8.840792,-0.00148,0.548377,-19.12135713502216,-10.06009921319785,0.08161702194207293,0.6548500528378538,-1.266715724418885,2.539191068867738,-1.32091684312006e-01,-1.00000000000000e+00,KOTAMBI-STADIUM-VADODARA,2024-12-27,,R,R,R,India-Women,West-Indies-Women,Spin,1
1735,2,52,India (Women),Jemimah Rodrigues,Afy Fletcher,,13,1,2,2,2,0,1,0,0,0,0,0,0,0,0,0,0,,,0,12.1,1,1,0,569351,138.0,113.5,2,0,,,Knuckleball,95.0,SLOG SWEEP,0,0,1,12,68,3,Outside Off stump,Full Length,1,0,1,0,0,0,0,0,45.78022403842069,2.619065401120062,8.340897618791118,-0.4247157950737443,1.833530436132746,-0.143355744613188,-0.242066090004911,-10.1540468807826,-18.6362467997144,-0.0935065098025589,-6.10786640629719,11.2669297332116,0.2217896980567825,0.5396384683915997,68.7668004530617,Attacked,Played,None,0.940315246582031,0.7644424438476562,4.796722,-0.431296,-0.093181233998572,0.0,-10.6,-16.5447596541008,-0.446811144249267,-0.446811144249267,-6.420627,-0.462654,0.24541,-8.840965,-0.528902,0.507297,-18.14610304396824,-10.06002286327973,-0.5626198490880074,0.551103037868577,-0.4949627031632681,-1.25948894075549,-5.58139615273912e-02,-1.00000000000000e+00,KOTAMBI-STADIUM-VADODARA,2024-12-27,,R,R,R,India-Women,West-Indies-Women,Spin,1
1735,2,52,India (Women),Jemimah Rodrigues,Afy Fletcher,,13,2,1,1,1,1,0,0,0,0,0,0,0,0,0,0,0,,,0,12.2,1,1,0,569352,138.0,113.5,1,0,,,Knuckleball,58.0,BACKFOOT PULL SHOT,0,0,2,12,69,3,Off stump,Short Length,0,0,1,0,0,0,0,0,47.36948466220657,-1.233828490052042,8.341030080244689,-0.4791188708283002,1.764960045891285,-0.150116697365072,0.332090186855931,-10.1053998453382,-19.5151706574594,0.738022707191217,-5.91321679727286,14.32993893146084,0.3884165704444583,0.676792925660882,72.67728180468649,Attacked,Played,None,0.958316802978516,0.9046554565429688,7.422894,-0.128978,-0.097575853287297,0.0,-10.6,-15.6663560014519,-0.600939189902133,-0.600939189902133,-8.248747,-0.348084,0.799761,-8.840729,-0.371659,0.796986,-16.85713146926617,-10.06015876770698,-0.4205081548281314,0.7393151754328613,0.653597625742845,-4.362481609809946,6.02891908386851e-02,-1.00000000000000e+00,KOTAMBI-STADIUM-VADODARA,2024-12-27,,R,R,R,India-Women,West-Indies-Women,Spin,1
1735,2,52,India (Women),Harmanpreet Kaur,Afy Fletcher,,13,3,4,4,4,0,0,0,0,0,0,0,0,0,1,0,0,,,0,12.3,1,1,0,569353,-171.5,150.5,4,0,,,Knuckleball,15.0,LOFTED COVER DRIVE,0,0,3,12,73,3,Outside Off stump,Full Length,0,0,1,0,0,0,0,0,44.79269094371006,4.722971890929395,8.340646913452701,-0.5172908207396244,1.878884662136835,-0.139779788356953,0.113664114461346,-10.256849857273,-18.1713724864039,0.279530460558092,-6.35231584253889,16.30278530182635,0.4096331119849481,0.6387850899294539,64.85445229092328,Attacked,Played,None,0.968513488769531,0.8804054260253906,3.372453,-0.333335,-0.0908568624320197,0.0,-10.6,-13.8739692033217,-0.98947727719212,-0.98947727719212,-8.038283,-0.430097,0.394684,-8.84094,-0.488006,0.553345,-19.26851388804316,-10.060088205535,-0.5765570362373018,0.7257537494777061,0.342695868413765,-4.960681465767849,4.11836212156415e-02,-1.00000000000000e+00,KOTAMBI-STADIUM-VADODARA,2024-12-27,,R,R,R,India-Women,West-Indies-Women,Spin,1
1735,2,52,India (Women),Harmanpreet Kaur,Afy Fletcher,,13,4,0,0,0,0,0,0,1,0,0,0,0,0,0,0,0,,,0,12.4,1,1,0,569354,-171.5,150.5,0,0,,,Knuckleball,36.0,CUT SHOT,0,0,4,12,73,3,Outside Off stump,Good Length,0,0,1,0,0,0,0,0,46.33214826181935,2.253279167487875,8.340788628258188,-0.5076201659108515,1.829554359722157,-0.144211726299522,-0.154580315383041,-9.96358913179324,-18.7475244189378,-0.0183205040250838,-6.0156599941877,13.39376545802228,0.3412823583158913,0.609485789386384,67.29463257636847,Attacked,Missed,None,0.944721221923828,1.007984161376953,4.892807,-0.48386,-0.0937376220946891,0.0,-10.6,-15.3976169911045,-1.18563088431769,-1.18563088431769,-999.9,-999.9,-999.9,-8.840855,-0.769947,0.622925,-17.7902703026235,-10.0600160979732,-0.8663369530964307,0.6780336646385414,-0.2986305699963784,-4.347149238966137,-3.24393049152024e-02,-1.00000000000000e+00,KOTAMBI-STADIUM-VADODARA,2024-12-27,,R,R,R,India-Women,West-Indies-Women,Spin,1
1735,2,52,India (Women),Harmanpreet Kaur,Afy Fletcher,,13,5,0,0,0,0,0,0,1,0,0,0,0,0,0,0,0,,,0,12.5,1,1,0,569355,22.0,137.5,0,0,,,Knuckleball,27.0,FORWARD PUSH,0,0,5,12,73,3,Leg stump,Full Length,0,0,1,0,0,0,0,0,45.78626887480098,4.286640922944531,8.340937460466701,-0.437934077590776,1.867330309144425,-0.14221781523667,-0.0388185348175392,-9.84621953828013,-18.488315980767,0.706650133207899,-6.17435184199782,10.16016065622359,0.1804418509506994,0.488828453395252,65.28008291421786,Attacked,Played,None,0.942604064941406,0.8227386474609375,3.058147,0.12833,-0.0924415799038352,0.0,-10.6,-16.8416266138737,0.222384469460856,0.222384469460856,-7.645815,0.136848,0.161163,-8.840869,0.152737,0.320737,-18.46724038236379,-10.05989538472683,0.1690525039327275,0.4282952752804717,0.1465692112835349,-1.43234648370274,1.70593786210600e-02,-1.00000000000000e+00,KOTAMBI-STADIUM-VADODARA,2024-12-27,,R,R,R,India-Women,West-Indies-Women,Spin,1
1735,2,52,India (Women),Harmanpreet Kaur,Afy Fletcher,,13,6,0 WK,W,0,0,0,0,1,0,0,0,0,0,0,0,1,Bowled,WICKET,1,12.6,1,1,0,569356,22.0,137.5,0,0,,,Knuckleball,36.0,CUT SHOT,0,0,6,12,73,4,Off stump,Good Length,1,0,1,0,0,0,0,0,47.133699173472,2.360714346449369,8.3407897888336,-0.4200670505124803,1.821260312684273,-0.146454981754175,0.0540984806080198,-10.0499359447019,-19.0391476280427,0.554783293753289,-6.04373070570154,11.67495114109801,0.2304548319497059,0.5761551246845228,73.37778550770783,None,None,None,0.911750793457031,0.9657325744628906,4.624531,-0.051311,-0.0951957381402136,0.0,-10.6,-16.8516501035432,-0.100376876422173,-0.100376876422173,-999.9,-999.9,-999.9,-8.840989,-0.071794,0.531356,-17.61136634566661,-10.06005743847406,-0.07922357446040706,0.599959078705697,0.2610210086687275,-2.010352509321096,3.01850296764482e-02,-1.00000000000000e+00,KOTAMBI-STADIUM-VADODARA,2024-12-27,,R,R,R,India-Women,West-Indies-Women,Spin,1
1735,2,52,India (Women),Jemimah Rodrigues,Hayley Matthews,,14,1,0,0,0,0,0,0,1,0,0,0,0,0,0,0,0,,,0,13.1,1,1,0,569357,-7.0,61.5,0,0,,,Knuckleball,50.0,BACKFOOT DEFENCE,0,0,1,13,73,4,Outside Off stump,Good Length,2,0,1,0,0,0,0,0,51.13369917347188,-1.833151536552661,8.340919639270695,-0.6426022622034476,2.067599820751752,-0.160548716798408,-1.23814272454262,-9.90019718451309,-20.8713331837931,0.258645289548436,-6.37743084869981,12.7498548461408,0.3150363427364992,0.6241161448492929,72.11378745374401,Defended,Played,None,0.8638916015625,0.8207931518554688,5.937652,-0.293816,-0.104356665918965,0.0,-10.6,-17.5904143617963,0.827924523931794,0.827924523931794,-8.472728,-0.086369,0.705144,-8.840611,-0.068575,0.731157,-16.99102174971872,-10.06017017410494,-0.009300513170567903,0.7824923788034093,-1.705106109982338,1.984746154735542,-1.76761866837148e-01,-1.00000000000000e+00,KOTAMBI-STADIUM-VADODARA,2024-12-27,,R,L,R,India-Women,West-Indies-Women,Spin,1
1735,2,52,India (Women),Jemimah Rodrigues,Hayley Matthews,,14,2,0,0,0,0,0,0,1,0,0,0,0,0,0,0,0,,,0,13.2,1,1,0,569358,-18.0,52.0,0,0,,,Knuckleball,49.0,FORWARD DEFENCE,0,0,2,13,73,4,Outside Off stump,Good Length,0,0,1,0,0,0,0,0,47.0633576208533,1.081640384759288,8.34081705921789,-0.6153536232627731,2.102506521882128,-0.146566370713244,-0.680518431842363,-10.3408082609426,-19.0536281927217,0.137184217495502,-6.5542298183325,14.33183628888789,0.4194733443226881,0.5728140352100115,53.97477084923292,Defended,Played,None,0.944709777832031,0.8506507873535156,4.940543,-0.369384,-0.0952681409636086,0.0,-10.6,-14.6948015653229,1.01690869981176,1.01690869981176,-7.719414,-0.187928,0.534188,-8.840841,-0.1087,0.647157,-18.98263012688029,-10.06014719198463,-0.02188309756590667,0.697063845326779,-1.207400658926705,3.546150861964911,-1.26647861554773e-01,-1.00000000000000e+00,KOTAMBI-STADIUM-VADODARA,2024-12-27,,R,L,R,India-Women,West-Indies-Women,Spin,1
1735,2,52,India (Women),Jemimah Rodrigues,Hayley Matthews,,14,3,0,0,0,0,0,0,1,0,0,0,0,0,0,0,0,,,0,13.3,1,1,0,569359,43.0,23.0,0,0,,,Knuckleball,49.0,FORWARD DEFENCE,0,0,3,13,73,4,Outside Off stump,Good Length,0,0,1,0,0,0,0,0,47.22532623450582,1.424371109139281,8.340793704465263,-0.6821940017109985,2.098962290926246,-0.150655196202303,-0.413004702185663,-10.7714489143312,-19.5851755062994,0.266448585926159,-6.68755685167904,16.34686949842074,0.3983650473542077,0.6612676975220009,69.35364989287936,Defended,Played,None,0.932968139648438,0.8112144470214844,4.574563,-0.410497,-0.0979258775314971,0.0,-10.6,-15.0771730554706,1.59421988358615,1.59421988358615,-7.586829,-0.186771,0.552643,-8.840855,-0.051781,0.763139,-18.85299094666228,-10.06008514064455,0.08054565092424121,0.8957154463982987,-0.657468608065708,5.256436043510084,-7.50793173762185e-02,-1.00000000000000e+00,KOTAMBI-STADIUM-VADODARA,2024-12-27,,R,L,R,India-Women,West-Indies-Women,Spin,1
1735,2,52,India (Women),Jemimah Rodrigues,Hayley Matthews,,14,4,0,0,0,0,0,0,1,0,0,0,0,0,0,0,0,,,0,13.4,1,1,0,569360,-100.5,61.5,0,0,,,Knuckleball,97.0,BACKFOOT PUSH,0,0,4,13,73,4,Outside Off stump,Short of Good Length,0,0,1,0,0,0,0,0,59.06093148386903,-5.468430106205151,8.340919044776033,-0.7470843084011607,1.997002552557743,-0.186404145387457,-0.441177918999505,-8.82637028586609,-24.2325389003695,0.470930846125525,-6.39633129947176,10.47158854368191,0.2923280784192768,0.6128067000897387,72.68819717153313,Attacked,Played,None,0.750228881835938,0.7330970764160156,7.304469,-0.497556,-0.121162694501847,0.0,-10.6,-21.2075722689944,0.767194799296866,0.767194799296866,-8.874254,-0.272247,0.732502,-8.840758,-0.273502,0.731167,-14.78633688171817,-10.06012971905339,-0.2276361845144474,0.7614900603882895,-0.3345836305420964,0.9584649146687869,-3.09279355778166e-02,-1.00000000000000e+00,KOTAMBI-STADIUM-VADODARA,2024-12-27,,R,L,R,India-Women,West-Indies-Women,Spin,1
1735,2,52,India (Women),Jemimah Rodrigues,Hayley Matthews,,14,5,1,1,1,1,0,0,0,0,0,0,0,0,0,0,0,,,0,13.5,1,1,0,569361,157.5,-2.5,1,0,,,Knuckleball,55.0,SWEEP SHOT,0,0,5,13,74,4,Off stump,Good Length,0,0,1,0,0,0,0,0,47.32817647973353,2.03592946109216,8.340920552525525,-0.6458901361714975,2.080216466603146,-0.148029957359632,-0.472986022241931,-10.8277335862993,-19.2438944567521,0.487208431766418,-6.69836150902679,13.99696301063987,0.3571621520622309,0.5740125768607307,60.38567132288652,Attacked,Played,None,0.926239013671875,0.7916107177734375,4.450875,-0.198269,-0.0962194722837607,0.0,-10.6,-15.4247100782831,1.35819514898296,1.35819514898296,-7.190347,-0.058346,0.37467,-8.840725,0.089191,0.611172,-19.19184355563416,-10.05985744001523,0.1991753708806604,0.7061021083862264,-0.7344048330166881,3.581819068165162,-8.45088602255451e-02,-1.00000000000000e+00,KOTAMBI-STADIUM-VADODARA,2024-12-27,,R,L,R,India-Women,West-Indies-Women,Spin,1
1735,2,52,India (Women),Deepti Sharma,Hayley Matthews,,14,6,0,0,0,0,0,0,1,0,0,0,0,0,0,0,0,,,0,13.6,1,1,0,569362,67.5,22.5,0,0,,,Knuckleball,49.0,FORWARD DEFENCE,0,0,6,13,74,4,Outside Off stump,Good Length,0,0,1,0,0,0,0,0,48.07586442027878,1.389239020087628,8.341011173405182,0.8695987280244476,2.092388673898101,-0.149766698863255,-0.310842441024778,-10.6233279870408,-19.4696708522231,-1.09440572133934,-6.63151611576487,16.00619176477194,0.4387277953848424,0.6373590076311189,61.7310716061836,Defended,Played,None,0.931434631347656,0.8199119567871094,4.60612,0.203101,-0.0973483542611155,0.0,-10.6,-14.7340933868173,0.273045976509941,0.273045976509941,-7.597224,0.243104,0.540872,-8.840902,0.266581,0.731573,-18.80922839145881,-10.0601539852282,0.289788414878967,0.8430705899299508,-0.8638128059857789,4.278915418043048,-9.94906274412904e-02,-1.00000000000000e+00,KOTAMBI-STADIUM-VADODARA,2024-12-27,,L,R,R,India-Women,West-Indies-Women,Spin,1
1735,2,52,India (Women),Jemimah Rodrigues,Afy Fletcher,,15,1,1,1,1,1,0,0,0,0,0,0,0,0,0,0,0,,,0,14.1,1,1,0,569363,61.5,64.0,1,0,,,Knuckleball,97.0,BACKFOOT PUSH,0,0,1,14,75,4,Leg stump,Good Length,1,0,1,0,0,0,0,0,46.15793875926727,1.858341369434012,8.34098739503397,-0.4600366586859341,1.830523587890814,-0.144889855584546,0.116899473585309,-9.93935829762404,-18.835681225991,0.929927217083436,-5.99274743285947,14.49363871737328,0.2737281188815245,0.6936302897109574,86.67173156849117,Attacked,Played,None,0.945682525634766,0.9031219482421875,5.133854,0.137366,-0.0941784061299551,0.0,-10.6,-16.0803288970793,-0.0540083370750252,-0.0540083370750252,-8.623082,0.124813,0.726563,-8.840968,0.124064,0.749008,-17.64895339709079,-10.06006810790648,0.1198583592917085,0.8372696280976027,0.4773818649907755,-3.018863257844119,5.31325188999163e-02,-1.00000000000000e+00,KOTAMBI-STADIUM-VADODARA,2024-12-27,,R,L,R,India-Women,West-Indies-Women,Spin,1
1735,2,52,India (Women),Deepti Sharma,Afy Fletcher,,15,2,1,1,1,1,0,0,0,0,0,0,0,0,0,0,0,,,0,14.2,1,1,0,569364,-43.5,-58.0,1,0,,,Knuckleball,54.0,LEG GLANCE,0,0,2,14,76,4,Leg stump,Good Length,0,0,1,0,0,0,0,0,43.30340749423114,5.581622436599432,8.340905178998252,-0.5725350656985551,1.88705782086823,-0.13310282089348,-0.415047684914109,-10.393673768821,-17.3033667161524,0.311602797421999,-6.46475333152827,16.77426899944748,0.3785515009032542,0.6217918939366901,65.4136340001781,Attacked,Played,None,1.02010345458984,0.9016342163085938,3.735847,-0.18848,-0.0865168335807618,0.0,-10.6,-13.3356335774976,-0.207950805293051,-0.207950805293051,-7.633399,-0.208983,0.391707,-8.840662,-0.228045,0.619846,-20.48631443756817,-10.06013131442049,-0.2474550526769272,0.7606236646874794,-0.8865576190887099,-1.925059584383208,-1.07057421855667e-01,-1.00000000000000e+00,KOTAMBI-STADIUM-VADODARA,2024-12-27,,L,R,R,India-Women,West-Indies-Women,Spin,1
1735,2,52,India (Women),Jemimah Rodrigues,Afy Fletcher,,15,3,1,1,1,1,0,0,0,0,0,0,0,0,0,0,0,,,0,14.3,1,1,0,569365,-59.5,199.0,1,0,,,Knuckleball,84.0,FRONTFOOT OFF DRIVE,0,0,3,14,77,4,Leg stump,Full Length,0,0,1,0,0,0,0,0,46.1384092243749,3.909890221892379,8.34084702855376,-0.440611961863888,1.853864715315767,-0.142802161421988,0.0308902638411384,-9.94993957881265,-18.5642809848585,0.657735085077787,-6.15999757225148,11.3428013234661,0.2623582204836148,0.5246360073696413,62.45957905708472,Attacked,Played,None,0.940841674804688,0.8272705078125,3.471798,0.051146,-0.0928214049242923,0.0,-10.6,-16.1107175446651,-0.197270817423333,-0.197270817423333,-7.648396,0.038124,0.237817,-8.840854,0.023382,0.39744,-18.3568706135091,-10.06012524051287,0.008202410256504984,0.499944632116387,0.2739103521476717,-2.730683013976145,3.42500026611875e-02,-1.00000000000000e+00,KOTAMBI-STADIUM-VADODARA,2024-12-27,,R,L,R,India-Women,West-Indies-Women,Spin,1
1735,2,52,India (Women),Deepti Sharma,Afy Fletcher,,15,4,4,4,4,0,0,0,0,0,0,0,0,0,1,0,0,,,0,14.4,1,1,0,569366,-87.0,-147.5,4,0,,,Knuckleball,55.0,SWEEP SHOT,0,0,4,14,81,4,Leg stump,Full Length,0,0,1,0,0,0,0,0,46.38880488842261,3.886152339545143,8.340851516893593,-0.4322896063539263,1.850209598311869,-0.143957034908958,-0.0578318027141223,-10.146823761901,-18.7144145381645,0.0723540221562172,-6.22942897277064,14.65468970761355,0.0857443352069988,0.7463170143880996,113.3731186375151,Attacked,Played,None,0.93585205078125,0.8053436279296875,3.504797,-0.361345,-0.133674389558318,-0.00918901285193844,-10.6,-17.7786938112563,-0.331263678951594,-0.331263678951594,-7.472435,-0.378507,0.263413,-8.840907,-0.404381,0.550706,-18.41094789115787,-10.06016643400508,-0.4277109817463245,0.7542203769096436,-0.09693325009454633,-1.288963993876067,3.45648097207360e-01,-1.00000000000000e+00,KOTAMBI-STADIUM-VADODARA,2024-12-27,,L,R,R,India-Women,West-Indies-Women,Spin,1
1735,2,52,India (Women),Deepti Sharma,Afy Fletcher,,15,5,0,0,0,0,0,0,1,0,0,0,0,0,0,0,0,,,0,14.5,1,1,0,569367,65.0,6.5,0,0,,,Knuckleball,49.0,FORWARD DEFENCE,0,0,5,14,81,4,Off stump,Good Length,0,0,1,0,0,0,0,0,43.72585563761684,3.995274501652855,8.340949273107903,-0.6076251823618859,1.853933704440633,-0.135329814246682,-0.291567019010882,-10.0451980500364,-17.5928758520687,0.795735656434363,-6.17611647622499,13.47724475241436,0.3590474930542034,0.5493352496133697,56.49553813658511,Defended,Played,None,0.996780395507812,0.9261245727539062,4.509021,0.07141,-0.0879643792603433,0.0,-10.6,-14.1566224021353,0.725136807113546,0.725136807113546,-8.02193,0.19896,0.480163,-8.840709,0.241664,0.551782,-19.34402223068248,-10.05984975445193,0.3056623760578351,0.5902825491531152,-0.3924842503601373,0.3425119759102124,-4.46680450936082e-02,-1.00000000000000e+00,KOTAMBI-STADIUM-VADODARA,2024-12-27,,L,R,R,India-Women,West-Indies-Women,Spin,1
1735,2,52,India (Women),Deepti Sharma,Afy Fletcher,,15,6,0,0,0,0,0,0,1,0,0,0,0,0,0,0,0,,,0,14.6,1,1,0,569368,-83.0,83.0,0,0,,,Knuckleball,27.0,FORWARD PUSH,0,0,6,14,81,4,Middle stump,Full Length,0,0,1,0,0,0,0,0,46.02823459965288,5.22976516864165,8.340774315388739,-0.3477469124837821,1.880795417522672,-0.141116422649571,-0.123223863419537,-9.84376767441131,-18.3451349444442,0.404281805820261,-6.29952943949046,13.22188039710012,0.08826820474389876,0.6500000000000002,98.67317952561017,Defended,Played,None,0.925529479980469,0.8410720825195312,2.21012,0.031151,-0.131036678174602,-0.0503623430934503,-10.6,-17.427878197222,0.384067715529248,0.384067715529248,-8.011803,0.034719,0.083818,-8.840879,0.05299,0.262651,-18.95194101102543,-10.06019015649535,0.07985822964587769,0.4831980205154766,-0.1447415126785606,0.0,-1.80370314975276e-02,-1.00000000000000e+00,KOTAMBI-STADIUM-VADODARA,2024-12-27,,L,R,R,India-Women,West-Indies-Women,Spin,1
1735,2,52,India (Women),Jemimah Rodrigues,Hayley Matthews,,16,1,1,1,1,1,0,0,0,0,0,0,0,0,0,0,0,,,0,15.1,1,1,0,569369,-40.0,-101.5,1,0,,,Knuckleball,49.0,FORWARD DEFENCE,0,0,1,15,82,4,Outside Off stump,Good Length,1,0,1,0,0,0,0,0,46.90847782148663,1.501409409660311,8.340587129939689,-0.665182913809601,2.095677859387097,-0.147572733453734,-0.578926259660923,-10.3907601588873,-19.1844553489854,-0.0206070901985489,-6.57001855779066,17.77248776024161,0.4715455708941934,0.6812747498691583,65.03665539095441,Defended,Edged,None,0.9605712890625,0.8285751342773438,4.554211,-0.543159,-0.383689106979708,0.0,-10.6,-13.964103271662,0.570961220502921,0.570961220502921,-7.445347,-0.461663,0.56438,-8.840845,-0.400138,0.822125,-18.90457478049117,-10.0600926004205,-0.3442189184848323,0.949611821559222,-1.077495758363402,2.402937735028567,-1.23459023387152e-01,-1.00000000000000e+00,KOTAMBI-STADIUM-VADODARA,2024-12-27,,R,L,R,India-Women,West-Indies-Women,Spin,1
1735,2,52,India (Women),Deepti Sharma,Hayley Matthews,,16,2,1,1,1,1,0,0,0,0,0,0,0,0,0,0,0,,,0,15.2,1,1,0,569370,142.5,91.0,1,0,,,Knuckleball,36.0,CUT SHOT,0,0,2,15,83,4,Outside Off stump,Good Length,0,0,1,0,0,0,0,0,47.06510942280154,0.5334876670675527,8.340661675789324,1.06325218375128,2.074379291327103,-0.147340790781557,-0.20104218198818,-10.8796820105973,-19.1543028016023,-1.04551871788091,-6.66191370800403,13.31976508216673,0.3339804126557403,0.5583473175301747,60.35405636395218,Attacked,Played,None,0.954872131347656,0.9383811950683594,5.749029,0.444183,-0.383086056032047,0.0,-10.6,-15.7110656562518,0.376367635496425,0.376367635496425,-8.876333,0.560129,0.679414,-8.840684,0.559169,0.678221,-19.17780059143512,-10.06001834541916,0.5925666511976426,0.6791881193907194,-0.6212980958028441,4.496624119966995,-6.59784207238225e-02,-1.00000000000000e+00,KOTAMBI-STADIUM-VADODARA,2024-12-27,,L,R,R,India-Women,West-Indies-Women,Spin,1
1735,2,52,India (Women),Jemimah Rodrigues,Hayley Matthews,,16,3,0,0,0,0,0,0,1,0,0,0,0,0,0,0,0,,,0,15.3,1,1,0,569371,-39.0,-53.0,0,0,,,Knuckleball,49.0,FORWARD DEFENCE,0,0,3,15,83,4,Outside Off stump,Good Length,0,0,1,0,0,0,0,0,49.9200031562116,0.7761374513681794,8.34061358294413,-0.6312586241051478,2.066678905369567,-0.157148463466285,-0.906567095344426,-10.1358847938538,-20.429300250617,0.220569185440019,-6.42343519723211,10.27589397092263,0.2042925822882985,0.5201266828118362,67.58974419294557,Defended,Edged,None,0.857185363769531,0.7662506103515625,4.101649,-0.284917,-0.40858600501234,0.0,-10.6,-18.4284054610281,0.51817931797448,0.51817931797448,-7.803144,-0.231954,0.322083,-8.840686,-0.201164,0.437511,-17.454329884449,-10.06014955726428,-0.1639946493813241,0.5269999970245691,-1.45886349260348,0.9920658432089371,-1.72257148998184e-01,-1.00000000000000e+00,KOTAMBI-STADIUM-VADODARA,2024-12-27,,R,L,R,India-Women,West-Indies-Women,Spin,1
1735,2,52,India (Women),Jemimah Rodrigues,Hayley Matthews,,16,4,0,0,0,0,0,0,1,0,0,0,0,0,0,0,0,,,0,15.4,1,1,0,569372,-108.5,42.0,0,0,,,Knuckleball,27.0,FORWARD PUSH,0,0,4,15,83,4,Outside Off stump,Full Length,0,0,1,0,0,0,0,0,48.21280058685101,1.732389147619439,8.340565305731179,-0.7229929844517344,2.062006914156684,-0.14948126941492,-0.818956784612847,-10.5119707981061,-19.4325650239396,0.140701407721255,-6.56040318918297,12.68192494483717,0.2857988480725795,0.5651629092931032,66.19455158670753,Attacked,Played,None,0.895248413085938,0.8034439086914062,4.361532,-0.433746,-0.388651300478792,0.0,-10.6,-16.4765814767816,0.84944366206257,0.84944366206257,-7.589441,-0.334017,0.39729,-8.840832,-0.265424,0.561633,-18.65460085617151,-10.06015853311453,-0.1964531271631158,0.6571936656095183,-1.453992129886887,2.536405880347922,-1.68745893130780e-01,-1.00000000000000e+00,KOTAMBI-STADIUM-VADODARA,2024-12-27,,R,L,R,India-Women,West-Indies-Women,Spin,1
1735,2,52,India (Women),Jemimah Rodrigues,Hayley Matthews,,16,5,0,0,0,0,0,0,1,0,0,0,0,0,0,0,0,,,0,15.5,1,1,0,569373,47.5,31.0,0,0,,,Knuckleball,97.0,BACKFOOT PUSH,0,0,5,15,83,4,Outside Off stump,Good Length,0,0,1,0,0,0,0,0,47.60552201989959,0.5476806118280586,8.340812094661576,-0.6667847691851652,2.095064353939136,-0.148473637284858,-0.736154296051027,-10.285667432224,-19.3015728470315,0.231399342145172,-6.51786633253517,13.36421078334718,0.3076080767881059,0.5859754671682171,67.13551239642197,Attacked,Missed,None,0.925529479980469,0.9007415771484375,5.156083,-0.358409,-0.386031456940631,0.0,-10.6,-16.0763215772141,1.22809027926524,1.22809027926524,-8.695595,-0.054713,0.65231,-8.840804,-0.042485,0.663713,-18.65909321449991,-10.06006103077363,0.06207914686644056,0.7183086809070892,-1.231716574884962,3.681547077279601,-1.34288589825486e-01,-1.00000000000000e+00,KOTAMBI-STADIUM-VADODARA,2024-12-27,,R,L,R,India-Women,West-Indies-Women,Spin,1
1735,2,52,India (Women),Jemimah Rodrigues,Hayley Matthews,,16,6,2,2,2,0,1,0,0,0,0,0,0,0,0,0,0,,,0,15.6,1,1,0,569374,101.5,-71.5,2,0,,,Knuckleball,55.0,SWEEP SHOT,0,0,6,15,85,4,Off stump,Good Length,0,0,1,0,0,0,0,0,48.28751197229111,1.199597417949404,8.340880476732494,-0.6951570960500775,2.065339719989703,-0.150449277145278,-0.272926866112375,-11.021977560838,-19.5584060288862,0.575466068961017,-6.71355056618617,13.92903841112002,0.3716210530884554,0.574251741212571,58.97565587304013,Attacked,Played,None,0.915767669677734,0.7986602783203125,5.043778,-0.263387,-0.391168120577724,0.0,-10.6,-15.5446271125231,1.71798686601346,1.71798686601346,-7.25999,-0.008131,0.485771,-8.840912,0.181065,0.672619,-18.94511805466288,-10.06009874193398,0.3327483501110962,0.7295710813558564,-0.3139337799924151,4.62139022442829,-3.44790647365669e-02,-1.00000000000000e+00,KOTAMBI-STADIUM-VADODARA,2024-12-27,,R,L,R,India-Women,West-Indies-Women,Spin,1
1735,2,52,India (Women),Deepti Sharma,Afy Fletcher,,17,1,0,0,0,0,0,0,1,0,0,0,0,0,0,0,0,,,0,16.1,1,1,0,569375,101.5,-71.5,0,0,,,Knuckleball,44.0,GLIDE,0,0,1,16,85,4,Outside Off stump,Good Length,1,0,1,0,0,0,0,0,41.7910895669384,5.39758582108124,8.340612718449798,-0.5669066445533274,1.861606116009569,-0.128980181138712,0.0450976573398313,-10.1600244245248,-16.7674235480326,0.933919651353388,-6.31952720319643,15.44429024407691,0.2887184449007546,0.6027905488933637,71.5467378439291,Attacked,Missed,None,1.0605583190918,1.129520416259766,4.367498,0.161096,-0.335348470960652,0.0,-10.6,-13.7881229434338,1.49577221762782,1.49577221762782,-999.9,-999.9,-999.9,-8.840812,0.516417,0.653695,-20.65108290633372,-10.05992821754305,0.6619867074701713,0.7291687160790169,0.4203295521383798,3.003393804353346,5.12152382878817e-02,-1.00000000000000e+00,KOTAMBI-STADIUM-VADODARA,2024-12-27,,L,R,R,India-Women,West-Indies-Women,Spin,1
1735,2,52,India (Women),Deepti Sharma,Afy Fletcher,,17,2,5 (WD),5,0,0,0,0,0,5,1,0,0,0,1,0,0,,,0,16.2,1,1,1,569376,101.5,-71.5,5,0,,,Knuckleball,55.0,SWEEP SHOT,0,0,2,16,90,4,Leg stump,Good Length,0,0,1,0,0,0,0,0,46.62839414550626,1.378493177960948,8.340757247003317,-0.456407086419401,1.827646160442362,-0.147399607977945,-0.121778785109962,-9.95748715603312,-19.1619490371329,0.340080820174593,-5.98703744294644,12.52245210363971,0.2010267594502576,0.6372157689541209,85.47968939809238,Attacked,Missed,None,0.93292236328125,0.979339599609375,5.282036,-0.208689,-0.383238980742658,0.0,-10.6,-17.1766532305145,-0.782940445378543,-0.782940445378543,-999.9,-999.9,-999.9,-8.840845,-0.40282,0.660803,-17.35110540269795,-10.06009426856661,-0.46486842154513,0.7215663435979277,-0.1224765920202208,-3.626592980104681,-7.49482441189242e-03,-1.00000000000000e+00,KOTAMBI-STADIUM-VADODARA,2024-12-27,,L,R,R,India-Women,West-Indies-Women,Spin,1
1735,2,52,India (Women),Deepti Sharma,Afy Fletcher,,17,2,0,0,0,0,0,0,1,0,0,0,0,0,0,0,0,,,0,16.2,1,1,0,569377,6.5,28.0,0,0,,,Knuckleball,50.0,BACKFOOT DEFENCE,0,0,3,16,90,4,Off stump,Good Length,0,0,1,0,0,0,0,0,46.48201559214858,1.913186966331973,8.340686767505318,-0.3363151694784999,1.820635296738143,-0.144841411663184,-0.0827862373247912,-9.93955180240301,-18.8293835162139,0.672818764338637,-5.98646453218355,14.10395606471453,0.2109007745478566,0.7006237642296183,94.00348717965709,Defended,Played,None,0.933700561523438,0.9012222290039062,5.110315,0.134538,-0.376587670324278,0.0,-10.6,-16.6931679509856,-0.192500811289259,-0.192500811289259,-8.615071,0.09042,0.724904,-8.840854,0.087573,0.74984,-17.63712831867456,-10.06009706488043,0.07192317269108997,0.8455516495134432,0.03625538916658843,-2.707133292825129,4.37419733161160e-03,-1.00000000000000e+00,KOTAMBI-STADIUM-VADODARA,2024-12-27,,L,R,R,India-Women,West-Indies-Women,Spin,1
1735,2,52,India (Women),Deepti Sharma,Afy Fletcher,,17,3,0,0,0,0,0,0,1,0,0,0,0,0,0,0,0,,,0,16.3,1,1,0,569378,91.5,-6.0,0,0,,,Knuckleball,36.0,CUT SHOT,0,0,4,16,90,4,,Good Length,0,0,1,0,0,0,0,0,46.98584291982738,2.890167002569359,8.340772946331455,-0.3607922372216862,1.826394439574881,-0.145268043543999,0.150286099551341,-10.0076615595567,-18.8848456607198,1.25988600822012,-6.07757230533664,15.12768378586143,0.4173851180533838,0.6550949730315169,66.52573414938915,Attacked,Played,None,0.933631896972656,0.9292144775390625,4.214756,0.499256,-0.377696913214397,0.0,-10.6,-14.7273801460312,-0.170335556904842,-0.170335556904842,-8.903556,0.46242,0.649971,-8.840906,0.463205,0.642068,-17.83935464706396,-10.06001633408625,0.4476670120496302,0.7565018676609612,0.6666967636930035,-4.479430416738576,7.26480390250389e-02,-1.00000000000000e+00,KOTAMBI-STADIUM-VADODARA,2024-12-27,,L,R,R,India-Women,West-Indies-Women,Spin,1
1735,2,52,India (Women),Deepti Sharma,Afy Fletcher,,17,4,4,4,4,0,0,0,0,0,0,0,0,0,1,0,0,,,0,16.4,1,1,0,569379,-61.5,-145.5,4,0,,,Knuckleball,55.0,SWEEP SHOT,0,0,5,16,94,4,Off stump,Short Length,0,0,1,0,0,0,0,0,46.87960630170308,-0.2162459360671637,8.340641809214901,-0.4577827253678877,1.801252394454844,-0.147826665104564,-0.37917995413545,-10.0142716222803,-19.2174664635933,0.110398620831859,-5.93852090979189,9.893850154721685,0.218989922783478,0.5067970404058255,64.12056378252603,Attacked,Played,None,0.937797546386719,0.8488540649414062,6.655721,-0.328281,-0.384349329271866,0.0,-10.6,-17.2553077693453,-0.317569469976012,-0.317569469976012,-7.73222,-0.412038,0.465874,-8.840926,-0.434935,0.453748,-17.17203018582138,-10.0600329344137,-0.4608652294944408,0.3734758669216208,-0.5793129352813843,-1.383505311775674,-5.67001626230469e-02,-1.00000000000000e+00,KOTAMBI-STADIUM-VADODARA,2024-12-27,,L,R,R,India-Women,West-Indies-Women,Spin,1
1735,2,52,India (Women),Deepti Sharma,Afy Fletcher,,17,5,0,0,0,0,0,0,1,0,0,0,0,0,0,0,0,,,0,16.5,1,1,0,569380,-9.0,56.5,0,0,,,Knuckleball,49.0,FORWARD DEFENCE,0,0,6,16,94,4,Off stump,Full Length,0,0,1,0,0,0,0,0,43.43046473189781,5.64369320521234,8.340714926842448,-0.5871782863474495,1.87658580073237,-0.134016980787959,-0.180475828511099,-10.17183127945,-17.4222075024347,0.331756402172839,-6.40555211264335,15.28690473447386,0.2770316444518695,0.6205977717442132,75.38650131644503,Defended,Played,None,1.00007629394531,0.8943557739257812,3.326794,-0.255124,-0.348444150048694,0.0,-10.6,-14.5442044088847,0.394338442408295,0.394338442408295,-7.820317,-0.225258,0.311812,-8.840903,-0.196485,0.515081,-20.18675546598226,-10.06000683139509,-0.1611263796862548,0.6875764232215406,-0.3218676487880313,0.4621822440065816,-3.97581423247276e-02,-1.00000000000000e+00,KOTAMBI-STADIUM-VADODARA,2024-12-27,,L,R,R,India-Women,West-Indies-Women,Spin,1
1735,2,52,India (Women),Deepti Sharma,Afy Fletcher,,17,6,2,2,2,0,1,0,0,0,0,0,0,0,0,0,0,,,0,16.6,1,1,0,569381,40.0,-115.0,2,0,,,Knuckleball,44.0,GLIDE,0,0,7,16,96,4,Off stump,Good Length,0,0,1,0,0,0,0,0,43.19651544219565,5.684546613768513,8.340624491325816,-0.5874415029389393,1.870012882538138,-0.133253092370956,-0.404010131742857,-10.3074831068165,-17.3229020082243,0.866942356080656,-6.43169107342235,13.38292155667261,0.371126843716166,0.5073861087423867,48.9952319397414,Attacked,Played,None,1.01023864746094,0.9921798706054688,3.577114,0.247733,-0.346458040164486,0.0,-10.6,-13.7162468107722,0.911376621762757,0.911376621762757,-8.900002,0.41345,0.460529,-8.840705,0.409257,0.454271,-20.36908228615004,-10.06001761021053,0.4968475663162318,0.5383965525246732,-0.6763847900094797,0.9363972063405792,-1.10223432946647e-01,-1.00000000000000e+00,KOTAMBI-STADIUM-VADODARA,2024-12-27,,L,R,R,India-Women,West-Indies-Women,Spin,1
1735,2,52,India (Women),Jemimah Rodrigues,Hayley Matthews,,18,1,0,0,0,0,0,0,1,0,0,0,0,0,0,0,0,,,0,17.1,1,1,0,569382,43.0,28.5,0,0,,,Knuckleball,27.0,FORWARD PUSH,0,0,1,17,96,4,Outside Off stump,Good Length,1,0,1,0,0,0,0,0,45.90349319267332,3.790737313659784,8.340566641373911,-0.6566331107734329,2.138120374050659,-0.14339658484541,-0.467945919150745,-11.0691972219206,-18.6415560299033,0.214770450564541,-6.96459294966753,12.28153874885554,0.3752043923278446,0.4603074465063501,41.52567774316807,Defended,Played,None,0.946540832519531,0.8427200317382812,3.567159,-0.361961,-0.372831120598066,0.0,-10.6,-14.7261691747025,1.72448404004141,1.72448404004141,-7.785059,-0.208107,0.276471,-8.840873,-0.078487,0.416411,-20.48597844144239,-10.05996446263878,0.07584216305512348,0.5049273199339082,-0.9047710209752846,6.019030275352553,-1.10553931514274e-01,-1.00000000000000e+00,KOTAMBI-STADIUM-VADODARA,2024-12-27,,R,L,R,India-Women,West-Indies-Women,Spin,1
1735,2,52,India (Women),Jemimah Rodrigues,Hayley Matthews,,18,2,2,2,2,0,1,0,0,0,0,0,0,0,0,0,0,,,0,17.2,1,1,0,569383,-173.5,51.0,2,0,,,Knuckleball,36.0,CUT SHOT,0,0,2,17,98,4,Outside Off stump,Short of Good Length,0,0,1,0,0,0,0,0,47.48591866852514,-0.4499034172216039,8.34066221721957,-0.6393077939939905,2.092359206214178,-0.14911661705396,-0.971637612792475,-10.1074997237647,-19.3851602170148,-0.262068396241732,-6.44453772447153,14.01285287094719,0.2725849035921619,0.6386110524425127,78.53316750716071,Attacked,Played,None,0.940567016601562,0.93768310546875,5.785833,-0.614674,-0.387703204340297,0.0,-10.6,-16.4908212667923,0.761855426038946,0.761855426038946,-9.187524,-0.373467,0.810961,-8.84074,-0.391497,0.790017,-18.38923014524805,-10.05993488412699,-0.3273619492324467,0.8375155872421253,-1.694245665311771,3.419648644379105,-1.80061404496737e-01,-1.00000000000000e+00,KOTAMBI-STADIUM-VADODARA,2024-12-27,,R,L,R,India-Women,West-Indies-Women,Spin,1
1735,2,52,India (Women),Jemimah Rodrigues,Hayley Matthews,,18,3,0,0,0,0,0,0,1,0,0,0,0,0,0,0,0,,,0,17.3,1,1,0,569384,-30.5,23.0,0,0,,,Knuckleball,49.0,FORWARD DEFENCE,0,0,3,17,98,4,Outside Off stump,Good Length,0,0,1,0,0,0,0,0,47.44822519707512,1.632274793944329,8.340984809481089,-0.7137996219595035,2.090672439211602,-0.147313460692585,-0.42114800294551,-10.3941946813033,-19.1507498900361,0.133759371903306,-6.56154993434132,14.67543250371204,0.3802206952176018,0.602864403830726,62.40759105284874,Defended,Played,None,0.927440643310547,0.8273277282714844,4.505069,-0.521512,-0.383014997800722,0.0,-10.6,-15.1047101233034,1.20036697448831,1.20036697448831,-7.584422,-0.355931,0.48198,-8.840932,-0.24885,0.662244,-18.91280676307072,-10.05998290260484,-0.1413434752731876,0.758368046719269,-0.7459533026332066,4.14355124931412,-8.56718522621412e-02,-1.00000000000000e+00,KOTAMBI-STADIUM-VADODARA,2024-12-27,,R,L,R,India-Women,West-Indies-Women,Spin,1
1735,2,52,India (Women),Jemimah Rodrigues,Hayley Matthews,,18,4,0,0,0,0,0,0,1,0,0,0,0,0,0,0,0,,,0,17.4,1,1,0,569385,33.0,19.0,0,0,,,Knuckleball,50.0,BACKFOOT DEFENCE,0,0,4,17,98,4,Outside Off stump,Good Length,0,0,1,0,0,0,0,0,49.01484278547418,0.03912855049017849,8.340890078283216,-0.7442469799535212,2.065405213384273,-0.152882332820284,-0.723610961767325,-10.0973948110258,-19.8747032666369,0.222811835893847,-6.39519409159835,16.1679302045252,0.3606624364539666,0.7189701147783669,81.77927357135839,Defended,Played,None,0.914680480957031,0.8842620849609375,5.151219,-0.456987,-0.397494065332738,0.0,-10.6,-15.859387493486,1.28222577055516,1.28222577055516,-8.674809,-0.137161,0.857342,-8.840764,-0.122311,0.879261,-17.83690721715701,-10.06010499372661,-0.01105386382348178,0.9982521139462169,-1.141848061574681,3.979983101489773,-1.25391177989012e-01,-1.00000000000000e+00,KOTAMBI-STADIUM-VADODARA,2024-12-27,,R,L,R,India-Women,West-Indies-Women,Spin,1
1735,2,52,India (Women),Jemimah Rodrigues,Hayley Matthews,,18,5,0,0,0,0,0,0,1,0,0,0,0,0,0,0,0,,,0,17.5,1,1,0,569386,55.0,51.0,0,0,,,Knuckleball,97.0,BACKFOOT PUSH,0,0,5,17,98,4,Outside Off stump,Good Length,0,0,1,0,0,0,0,0,47.92247551932559,-0.03018864129079557,8.340703249870991,-0.7598216023371731,2.067592275844262,-0.149777553430943,-0.895156174996168,-10.0416567510718,-19.4710819460226,0.134606540283343,-6.37915546767869,14.19377400987567,0.3846791496257695,0.6124226286897461,63.39547934088495,Attacked,Played,None,0.940818786621094,0.9114761352539062,5.447797,-0.494472,-0.389421638920451,0.0,-10.6,-15.4463405731518,1.45564415065287,1.45564415065287,-8.672731,-0.090778,0.717181,-8.840844,-0.073086,0.728151,-18.13993593118938,-10.06002895433805,0.05778305608991563,0.760671066853025,-1.482488529638099,4.98749620406709,-1.59406600379966e-01,-1.00000000000000e+00,KOTAMBI-STADIUM-VADODARA,2024-12-27,,R,L,R,India-Women,West-Indies-Women,Spin,1
1735,2,52,India (Women),Jemimah Rodrigues,Hayley Matthews,,18,6,0,0,0,0,0,0,1,0,0,0,0,0,0,0,0,,,0,17.6,1,1,0,569387,-22.0,57.0,0,0,,,Knuckleball,50.0,BACKFOOT DEFENCE,0,0,6,17,98,4,Outside Off stump,Good Length,0,0,1,0,0,0,0,0,47.82049748112018,0.439393754585185,8.340868165598142,-0.7462290201356417,2.072442741866651,-0.149796245295952,-0.676022295376528,-10.333232752717,-19.4735118884738,0.256321587461509,-6.48511856813028,13.67455000066253,0.3156974004098718,0.6051035285941047,69.19578924812852,Defended,Played,None,0.9287109375,0.907012939453125,5.245527,-0.441309,-0.389470237769476,0.0,-10.6,-16.1287162047821,1.39595400892753,1.39595400892753,-8.853581,-0.073476,0.704754,-8.840919,-0.07469,0.703766,-18.41892136421804,-10.06000912437849,0.04413528723114329,0.7624273044091796,-1.092438907008131,4.192554241894825,-1.19139094644211e-01,-1.00000000000000e+00,KOTAMBI-STADIUM-VADODARA,2024-12-27,,R,L,R,India-Women,West-Indies-Women,Spin,1
1735,2,52,India (Women),Deepti Sharma,Karishma Ramharack,,19,1,0,0,0,0,0,0,1,0,0,0,0,0,0,0,0,,,0,18.1,1,1,0,569388,109.0,43.0,0,0,,,Knuckleball,51.0,FRONTFOOT COVERDRIVE,0,0,1,18,98,4,Outside Off stump,Full Length,1,0,1,0,0,0,0,0,46.17795402873137,3.062455571437719,8.34066087536247,0.8294820124216143,2.084634638056911,-0.143223900653732,-0.874006597942551,-9.73091759071153,-18.6191070849851,-0.967693572819047,-6.401286973303,13.54725319346398,0.2724620190261088,0.5968848964871996,72.28653257046905,Attacked,Played,None,0.93585205078125,0.8465080261230469,3.198421,0.34282,-0.372382141699702,0.0,-10.6,-15.8572841868387,0.23985732716352,0.23985732716352,-8.024225,0.360651,0.297512,-8.840759,0.373475,0.444517,-18.97307427427246,-10.05999164425574,0.3931124888125722,0.6108932039079539,-2.168496842307596,3.84175504254494,-2.72485047126677e-01,-1.00000000000000e+00,KOTAMBI-STADIUM-VADODARA,2024-12-27,,L,R,R,India-Women,West-Indies-Women,Spin,1
1735,2,52,India (Women),Deepti Sharma,Karishma Ramharack,,19,2,1,1,1,1,0,0,0,0,0,0,0,0,0,0,0,,,0,18.2,1,1,0,569389,100.5,2.0,1,0,,,Knuckleball,27.0,FORWARD PUSH,0,0,2,18,99,4,Outside Off stump,Full Length,0,0,1,0,0,0,0,0,47.47568438611217,2.663946524982904,8.340721079660469,0.9795243604699494,2.027416965225128,-0.146878907599947,-0.475578291699805,-9.91280934358894,-19.0942579879931,-1.21480975995019,-6.3508426269123,13.0615704486713,0.2869551804720693,0.5928792404553888,70.23636802110138,Attacked,Played,None,0.914039611816406,0.8102874755859375,3.461873000000001,0.210267,-0.381885159759863,0.0,-10.6,-16.2296421215783,-0.106038790993552,-0.106038790993552,-7.714326,0.202877,0.279182,-8.840812,0.195213,0.470226,-18.39737499308564,-10.06000335250945,0.1866737782031583,0.6178929601983076,-1.320017526939253,3.266005086945187,-1.63863812078686e-01,-1.00000000000000e+00,KOTAMBI-STADIUM-VADODARA,2024-12-27,,L,R,R,India-Women,West-Indies-Women,Spin,1
1735,2,52,India (Women),Jemimah Rodrigues,Karishma Ramharack,,19,3,0,0,0,0,0,0,1,0,0,0,0,0,0,0,0,,,0,18.3,1,1,0,569390,56.0,43.5,0,0,,,Knuckleball,106.0,BACKFOOT PULL SHOT,0,0,3,18,99,4,Outside Off stump,Short Length,0,0,1,0,0,0,0,0,48.45995817055734,-1.178179149032829,8.340873150415039,-0.6063327394372113,1.950253335967383,-0.153962011338684,-0.768250707930191,-9.40631007184508,-20.015061474029,0.126578489811433,-6.00651281651922,11.89109459260234,0.2441634379816092,0.6171283943942899,78.15291536098256,Attacked,Played,None,0.90728759765625,0.8668899536132812,6.025106,-0.397569,-0.400301229480579,0.0,-10.6,-17.6035371374054,1.19170512252831,1.19170512252831,-8.63871,-0.068355,0.662831,-8.84092,-0.053026,0.671968,-16.70448185374926,-10.06003809750627,0.04110381668428181,0.6896217619773114,-1.154182761245507,3.510495417459261,-1.18808961026983e-01,-1.00000000000000e+00,KOTAMBI-STADIUM-VADODARA,2024-12-27,,R,L,R,India-Women,West-Indies-Women,Spin,1
1735,2,52,India (Women),Jemimah Rodrigues,Karishma Ramharack,,19,4,1,1,1,1,0,0,0,0,0,0,0,0,0,0,0,,,0,18.4,1,1,0,569391,137.0,99.0,1,0,,,Knuckleball,58.0,BACKFOOT PULL SHOT,0,0,4,18,100,4,Outside Off stump,Short Length,0,1,2,0,0,1,0,0,49.06731381512036,-1.95917878743855,8.340887404148184,-0.6556699081115362,1.942428941060272,-0.155566417643926,-1.17011001076451,-9.24723538171796,-20.2236342937103,0.611790414917739,-5.98042124903521,11.78420517280829,0.2062638365456174,0.6346050468756144,84.56437337678042,Attacked,Played,None,0.897457122802734,0.8503646850585938,6.456446,-0.123193,-0.404472685874207,0.0,-10.6,-18.1916754552113,0.951221545963242,0.951221545963242,-8.505773,0.148214,0.690827,-8.840853,0.167961,0.704543,-16.4737106485841,-10.06007415145949,0.241244438462695,0.715513599688649,-1.566539150735226,1.260462638645831,-1.54878332478273e-01,-1.00000000000000e+00,KOTAMBI-STADIUM-VADODARA,2024-12-27,,R,L,R,India-Women,West-Indies-Women,Spin,1
1735,2,52,India (Women),Deepti Sharma,Karishma Ramharack,,19,5,1,1,1,1,0,0,0,0,0,0,0,0,0,0,0,,,0,18.5,1,1,0,569392,-134.5,-51.0,1,0,,,Knuckleball,49.0,FORWARD DEFENCE,0,0,5,18,101,4,Off stump,Good Length,0,0,2,0,0,0,0,0,47.36050507564829,1.180417071907151,8.340768342827104,0.8838914791362721,2.024880500135464,-0.147024658307025,-0.666570742888133,-9.69842870385784,-19.1132055799133,-1.46667380618406,-6.22176675444331,13.66834827227628,0.1921658021542693,0.6704541802251144,91.35154681834021,Defended,Edged,None,0.913444519042969,0.8141441345214844,4.59573,0.034149,-0.382264111598265,0.0,-10.6,-17.1529851534897,-0.811777185069698,-0.811777185069698,-7.602123,-0.069516,0.485225,-8.840853,-0.131982,0.67067,-18.03120274197619,-10.05988909030489,-0.1953032531079653,0.794592839211607,-1.655509660092514,1.678516342517389,6.86233799264102e+00,-1.00000000000000e+00,KOTAMBI-STADIUM-VADODARA,2024-12-27,,L,R,R,India-Women,West-Indies-Women,Spin,1
1735,2,52,India (Women),Jemimah Rodrigues,Karishma Ramharack,,19,6,4,4,4,0,0,0,0,0,0,0,0,0,1,0,0,,,0,18.6,1,1,0,569393,114.5,-123.5,4,0,,,Knuckleball,55.0,SWEEP SHOT,0,0,6,18,105,4,Leg stump,Full Length,0,0,2,0,0,0,0,0,50.24033021938749,0.866668346304554,8.34072114685653,-0.6764355704233259,1.946474522013296,-0.155517489288361,-0.945851840751848,-9.71215967639377,-20.2172736074869,0.740527312585717,-6.10408219463249,12.89917349482179,0.3078109720381805,0.6395110929596135,75.14556674012398,Attacked,Played,None,0.868572235107422,0.7533416748046875,4.272045,0.02298,-0.404345472149738,0.0,-10.6,-17.0452659797362,1.89561324045556,1.89561324045556,-7.29331,0.193453,0.34238,-8.840879,0.375419,0.576757,-16.80033093490534,-10.05983250155352,0.5238899695278325,0.6956304263723363,-1.39485782715401,4.248101521374487,-2.01870442524744e-01,-1.00000000000000e+00,KOTAMBI-STADIUM-VADODARA,2024-12-27,,R,L,R,India-Women,West-Indies-Women,Spin,1
1735,2,52,India (Women),Deepti Sharma,Hayley Matthews,,20,1,0,0,0,0,0,0,1,0,0,0,0,0,0,0,0,,,0,19.1,1,1,0,569394,49.0,22.5,0,0,,,Knuckleball,49.0,FORWARD DEFENCE,0,0,1,19,105,4,Outside Off stump,Good Length,1,0,2,0,0,0,0,0,48.85587761233121,1.164553728633041,8.340595402192793,0.920868754816162,2.092889878117052,-0.151372300812841,-0.463559830647402,-10.2108820767015,-19.6783991056693,-1.33916511174484,-6.49848535705093,14.62998022486069,0.370469539614473,0.6342450242314747,68.0897996732739,Defended,Played,None,0.90618896484375,0.803375244140625,4.309613,0.117565,-0.393567982113387,0.0,-10.6,-15.7893146963476,0.0729630277890639,0.0729630277890639,-7.654114,0.126578,0.462865,-8.840826,0.132426,0.654229,-18.27500303453844,-10.0601043513844,0.1386334343827627,0.7828398915556164,-1.205138222362782,4.157885165765578,-1.41469152589731e-01,-1.00000000000000e+00,KOTAMBI-STADIUM-VADODARA,2024-12-27,,L,R,R,India-Women,West-Indies-Women,Spin,1
1735,2,52,India (Women),Deepti Sharma,Hayley Matthews,,20,2,2,2,2,0,1,0,0,0,0,0,0,0,0,0,0,,,0,19.2,1,1,0,569395,144.0,18.5,2,0,,,Knuckleball,27.0,FORWARD PUSH,0,0,2,19,107,4,Outside Off stump,Full Length,0,0,2,0,0,0,0,0,44.85809049291879,3.671058665903162,8.340909862168967,1.035962100555255,2.131847377755891,-0.139010569421828,-0.341255373389267,-10.3645297795315,-18.0713740248376,-1.08382175871623,-6.72458128256867,16.53384635361525,0.402011268398338,0.6066885554278507,60.80215647434382,Attacked,Played,None,0.972072601318359,0.8668670654296875,3.646106,0.299818,-0.361427480496752,0.0,-10.6,-13.7431083385736,0.689468652383353,0.689468652383353,-7.677343,0.36428,0.365885,-8.840883,0.425635,0.598773,-20.41085501574935,-10.05986331490548,0.4921035972260126,0.756341274602026,-1.098905455096009,6.304200094424492,-1.34879600613956e-01,-1.00000000000000e+00,KOTAMBI-STADIUM-VADODARA,2024-12-27,,L,R,R,India-Women,West-Indies-Women,Spin,1
1735,2,52,India (Women),Deepti Sharma,Hayley Matthews,,20,3,1,1,1,1,0,0,0,0,0,0,0,0,0,0,0,,,0,19.3,1,1,0,569396,147.5,54.5,1,0,,,Knuckleball,36.0,CUT SHOT,0,0,3,19,108,4,Outside Off stump,Short Length,0,0,2,0,0,0,0,0,46.13595583424046,0.334735840991331,8.340812302080533,0.9336268069556068,2.114452381647931,-0.144552754071221,0.049329799469267,-10.5437706990426,-18.7918580292587,-0.706746144485898,-6.61748273733803,11.0528386902367,0.2970463537656413,0.4696072066247324,50.73644561714573,Attacked,Played,None,0.962711334228516,0.9529266357421875,5.819921,0.471915,-0.375837160585174,0.0,-10.6,-15.9089628607166,0.484468760707159,0.484468760707159,-8.950385,0.623983,0.491765,-8.840846,0.620235,0.493147,-19.39952497403277,-10.05985188952651,0.6625714395110739,0.4406513791183987,-0.1023649162557751,3.898096004470297,-1.10551086029337e-02,-1.00000000000000e+00,KOTAMBI-STADIUM-VADODARA,2024-12-27,,L,R,R,India-Women,West-Indies-Women,Spin,1
1735,2,52,India (Women),Jemimah Rodrigues,Hayley Matthews,,20,4,2,2,2,0,1,0,0,0,0,0,0,0,0,0,0,,,0,19.4,1,1,0,569397,153.0,95.5,2,0,,,Knuckleball,106.0,BACKFOOT PULL SHOT,0,0,4,19,110,4,Outside Off stump,Short Length,0,0,2,0,0,0,0,0,46.58182553219184,0.09539685286803933,8.340867620791165,-0.7099897859996327,2.104554403845371,-0.145953279014977,-0.643285559215161,-10.3271949720735,-18.973926271947,0.0966974841999437,-6.52542773685451,14.65491928720287,0.3159738249726585,0.6245943115323724,72.09176423259002,Attacked,Played,None,0.965194702148438,0.928253173828125,5.771767,-0.518779,-0.379478525438939,0.0,-10.6,-15.585766623313,1.09919982025326,1.09919982025326,-8.61054,-0.196682,0.782228,-8.840907,-0.178467,0.796841,-18.97888882235425,-10.05998001123298,-0.08012183133639755,0.8254531728445793,-1.098561567547503,3.742159350352241,-1.15062270296479e-01,-1.00000000000000e+00,KOTAMBI-STADIUM-VADODARA,2024-12-27,,R,L,R,India-Women,West-Indies-Women,Spin,1
1735,2,52,India (Women),Jemimah Rodrigues,Hayley Matthews,,20,5,0,0,0,0,0,0,1,0,0,0,0,0,0,0,0,,,0,19.5,1,1,0,569398,-69.0,18.5,0,0,,,Knuckleball,49.0,FORWARD DEFENCE,0,0,5,19,110,4,Outside Off stump,Good Length,0,0,2,0,0,0,0,0,49.44036223360811,1.08924161057988,8.340954731269505,-0.6718616078453982,2.081567464789914,-0.153148782820203,-0.763179359229051,-10.1179748951133,-19.9093417666264,0.104458385106904,-6.44203592973191,12.65594804826694,0.2961055440774234,0.5875097145574607,68.51590277587677,Defended,Played,None,0.862049102783203,0.7876739501953125,4.172304,-0.425504,-0.398186835332528,0.0,-10.6,-16.854711320744,0.948972170369448,0.948972170369448,-7.693216,-0.321616,0.390302,-8.840748,-0.253154,0.552045,-17.92994732503938,-10.06007556547474,-0.1781862333101086,0.6658757525841146,-1.31250451599961,2.921915463114803,-1.49490311731344e-01,-1.00000000000000e+00,KOTAMBI-STADIUM-VADODARA,2024-12-27,,R,L,R,India-Women,West-Indies-Women,Spin,1
1735,2,52,India (Women),Jemimah Rodrigues,Hayley Matthews,,20,6,0,0,0,0,0,0,1,0,0,0,0,0,0,0,0,,,0,19.6,1,1,0,569399,47.0,51.5,0,0,,,Knuckleball,49.0,FORWARD DEFENCE,0,0,6,19,110,4,Outside Off stump,Good Length,0,0,2,0,0,0,0,0,45.64829128245182,2.596437469887776,8.340581642824397,-0.7252200832693526,2.128133806266137,-0.142142306339188,-0.663488889689098,-10.1792225350151,-18.4784998240945,0.0356980050691425,-6.59135120388542,16.59968398288339,0.4159118549440565,0.6300267481754865,62.91282673191733,Defended,Edged,None,0.970596313476562,0.8488311767578125,4.002647,-0.517684,-0.369569996481889,0.0,-10.6,-13.9303282873333,1.49147605269837,1.49147605269837,-7.557144,-0.353824,0.428902,-8.840944,-0.208076,0.670297,-19.63151082039089,-10.06011985013313,-0.06461406361165373,0.8090509403719062,-1.357306624889963,6.000509089871927,-1.61363354038799e-01,-1.00000000000000e+00,KOTAMBI-STADIUM-VADODARA,2024-12-27,,R,L,R,India-Women,West-Indies-Women,Spin,1
1735,2,52,India (Women),Deepti Sharma,Karishma Ramharack,,21,1,4,4,4,0,0,0,0,0,0,0,0,0,1,0,0,,,0,20.1,1,1,0,569400,58.0,-141.0,4,0,,,Knuckleball,35.0,LATE CUT,0,0,1,20,114,4,Off stump,Good Length,1,0,2,0,0,0,0,0,48.40176415725168,0.3581382327846768,8.340888574775825,-0.5808512832674233,1.966703235988169,-0.150781912082621,-1.04759446795584,-9.76442213771131,-19.6016485707407,0.642928827167221,-6.14098943536405,12.63921640326556,0.2257982663005169,0.6319272471930717,82.20926044890908,Attacked,Played,None,0.883472442626953,0.8950653076171875,5.171423,0.048773,-0.392032971414814,0.0,-10.6,-17.3054216716938,1.23338904828478,1.23338904828478,-9.046152,0.359988,0.678305,-8.840941,0.343883,0.661653,-17.39522260587932,-10.05991924437925,0.4407827550672991,0.7345629712918441,-1.609139867052541,2.198068826106278,-1.85122197786900e-01,-1.00000000000000e+00,KOTAMBI-STADIUM-VADODARA,2024-12-27,,L,R,R,India-Women,West-Indies-Women,Spin,1
1735,2,52,India (Women),Deepti Sharma,Karishma Ramharack,,21,2,0,0,0,0,0,0,1,0,0,0,0,0,0,0,0,,,0,20.2,1,1,0,569401,3.5,-16.0,0,0,,,Knuckleball,49.0,FORWARD DEFENCE,0,0,2,20,114,4,Outside Off stump,Good Length,0,0,2,0,0,0,0,0,44.18158643611066,2.569032931294525,8.340683597338497,-0.6447123150238636,2.062977896794697,-0.136729775008953,-0.712662479904693,-9.67910037861246,-17.7748707511639,0.906796669581239,-6.31834117197112,13.08077366039672,0.1808633799966435,0.5856658042403371,79.76353263638622,Attacked,Edged,None,0.989044189453125,0.9802665710449219,4.480102,0.227189,-0.355497415023278,0.0,-10.6,-15.9258846906776,1.3845545626663,1.3845545626663,-9.18894,0.554311,0.61943,-8.840934,0.521543,0.588156,-19.56851022681664,-10.06003299165854,0.6375600936325609,0.6721830684650272,-1.256207438395235,2.048201886483067,-1.44589542713863e-01,-1.00000000000000e+00,KOTAMBI-STADIUM-VADODARA,2024-12-27,,L,R,R,India-Women,West-Indies-Women,Spin,1
1735,2,52,India (Women),Deepti Sharma,Karishma Ramharack,,21,3,0,0,0,0,0,0,1,0,0,0,0,0,0,0,0,,,0,20.3,1,1,0,569402,52.0,25.5,0,0,,,Knuckleball,97.0,BACKFOOT PUSH,0,0,3,20,114,4,Outside Off stump,Good Length,0,0,2,0,0,0,0,0,43.56226077916865,1.310228917720551,8.340779340686048,-0.6400938589704093,2.04705743613601,-0.136270999850421,-0.965556659723612,-9.92560974421404,-17.7152299805547,0.345171411326125,-6.33190759730243,14.91545719018866,0.2773767481140311,0.6214088175522309,75.47364782143154,Defended,Played,None,1.01385498046875,0.992156982421875,5.725416,-0.179394,-0.354304599611094,0.0,-10.6,-14.771663243214,1.71488689412934,1.71488689412934,-8.663589,0.351224,0.747391,-8.84072,0.374225,0.755221,-19.66827876322998,-10.06012027426711,0.5356041450142301,0.7565322372023632,-1.841016863522,5.505761160476319,-1.93993932217760e-01,-1.00000000000000e+00,KOTAMBI-STADIUM-VADODARA,2024-12-27,,L,R,R,India-Women,West-Indies-Women,Spin,1
1735,2,52,India (Women),Deepti Sharma,Karishma Ramharack,,21,4,1,1,1,1,0,0,0,0,0,0,0,0,0,0,0,,,0,20.4,1,1,0,569403,91.5,-5.5,1,0,,,Knuckleball,97.0,BACKFOOT PUSH,0,0,4,20,115,4,Outside Off stump,Good Length,0,0,2,0,0,0,0,0,44.15926879063808,0.9361002452699231,8.340608381886852,-0.605310338924058,2.03456620686844,-0.138253623715248,-0.919004630941598,-9.99219878067904,-17.9729710829823,0.526962407223183,-6.32718867080477,12.55045102955305,0.1880792645942856,0.5651402774345374,75.96311515575206,Attacked,Played,None,0.952972412109375,0.9823837280273438,5.873357,-0.051182,-0.359459421659646,0.0,-10.6,-16.0622169342162,1.34170921163366,1.34170921163366,-8.998249,0.374071,0.637435,-8.840804,0.359362,0.634428,-19.3940620767881,-10.06001752142003,0.4748131190091262,0.6237798231166112,-1.627314840983229,3.095531284658078,-1.69576104086494e-01,-1.00000000000000e+00,KOTAMBI-STADIUM-VADODARA,2024-12-27,,L,R,R,India-Women,West-Indies-Women,Spin,1
1735,2,52,India (Women),Jemimah Rodrigues,Karishma Ramharack,,21,5,0,0,0,0,0,0,1,0,0,0,0,0,0,0,0,,,0,20.5,1,1,0,569404,59.5,44.5,0,0,,,Knuckleball,97.0,BACKFOOT PUSH,0,0,5,20,115,4,Outside Off stump,Good Length,0,0,2,0,0,0,0,0,44.92029462257723,1.370580497743258,8.340621521030762,-0.6735076527156061,2.008512451723315,-0.140032263469167,-0.544630785258367,-9.51921776354367,-18.2041942509917,0.138572348568818,-6.14665283492885,14.08319663470961,0.2490243343406277,0.6398851957143985,81.08034592309701,Defended,Played,None,0.964302062988281,0.9368476867675781,5.089516,-0.44507,-0.364083885019835,0.0,-10.6,-15.6779937578689,0.721897252280416,0.721897252280416,-8.583525,-0.271311,0.675788,-8.840901,-0.258332,0.698917,-18.65727270134767,-10.06011760964557,-0.1956686883993642,0.7623808423198626,-1.041649326453694,2.200203375845998,-1.25248409970198e-01,-1.00000000000000e+00,KOTAMBI-STADIUM-VADODARA,2024-12-27,,R,L,R,India-Women,West-Indies-Women,Spin,1
1735,2,52,India (Women),Jemimah Rodrigues,Karishma Ramharack,,21,6,1,1,1,1,0,0,0,0,0,0,0,0,0,0,0,,,0,20.6,1,1,0,569405,97.5,-83.0,1,0,,,Knuckleball,106.0,BACKFOOT PULL SHOT,0,0,6,20,116,4,Outside Off stump,Good Length,0,0,2,0,0,0,0,0,46.38259950392732,0.2488216262145292,8.340805665520165,-0.6423450822523147,1.98840765344437,-0.144973904865578,-1.28273073493985,-9.64323083362316,-18.8466076325252,0.439294740682078,-6.13446079136194,12.33673885874249,0.191045796178533,0.6039589746611771,81.48926658132326,Attacked,Played,None,0.936618804931641,0.8723716735839844,5.648707,-0.091591,-0.376932152650503,0.0,-10.6,-16.940298110195,1.03598158846135,1.03598158846135,-8.095419,0.143484,0.605439,-8.8409,0.193598,0.65591,-18.02976647613583,-10.06016549581424,0.2775852858488504,0.6848743984316443,-2.168785323586908,2.164294134467402,-2.29978120887253e-01,-1.00000000000000e+00,KOTAMBI-STADIUM-VADODARA,2024-12-27,,R,L,R,India-Women,West-Indies-Women,Spin,1
1735,2,52,India (Women),Jemimah Rodrigues,Hayley Matthews,,22,1,1,1,1,1,0,0,0,0,0,0,0,0,0,0,0,,,0,21.1,1,1,0,569406,125.5,-13.5,1,0,,,Knuckleball,55.0,SWEEP SHOT,0,0,1,21,117,4,Outside Off stump,Good Length,1,0,2,0,0,0,0,0,48.15777704000282,2.073399929025084,8.341008089983134,-0.7440458702803198,2.128194611095672,-0.14895145435725,-0.746532537277477,-10.0133288994656,-19.3636890664426,0.0239337803507192,-6.5161700439246,14.63574447554769,0.3720906758354237,0.6176149937717998,65.43318148222761,Attacked,Edged,None,0.89996337890625,0.787261962890625,3.494557,-0.52835,-0.387273781328851,0.0,-10.6,-15.4108131788451,0.974991813670881,0.974991813670881,-7.456459,-0.471338,0.255695,-8.84088,-0.380111,0.527858,-18.59885365114519,-10.06006691694004,-0.2969397282334443,0.6951164336634872,-1.436608095679378,3.549273628543146,-1.76482578897203e-01,-1.00000000000000e+00,KOTAMBI-STADIUM-VADODARA,2024-12-27,,R,L,R,India-Women,West-Indies-Women,Spin,1
1735,2,52,India (Women),Deepti Sharma,Hayley Matthews,,22,2,1,1,1,1,0,0,0,0,0,0,0,0,0,0,0,,,0,21.2,1,1,0,569407,84.5,126.5,1,0,,,Knuckleball,97.0,BACKFOOT PUSH,0,0,2,21,118,4,Outside Off stump,Good Length,0,0,2,0,0,0,0,0,47.45547142072481,0.3918280718745671,8.340755453604245,-0.725885460501756,2.064871309471266,-0.149062588802902,-0.869702952870113,-10.2110732546855,-19.3781365443772,0.739587445843025,-6.42871956704595,15.28765238259832,0.3672725876653778,0.6546830495777788,71.47519867012905,Attacked,Played,None,0.951942443847656,0.933563232421875,5.305403,-0.069413,-0.387562730887545,0.0,-10.6,-15.3977223674718,1.64538858776176,1.64538858776176,-8.973937,0.407247,0.816674,-8.840759,0.391354,0.805187,-18.35332423739717,-10.06010095425367,0.5391319608888325,0.8738393243840735,-1.300800200574481,3.913741995955669,-1.41299363401657e-01,-1.00000000000000e+00,KOTAMBI-STADIUM-VADODARA,2024-12-27,,L,R,R,India-Women,West-Indies-Women,Spin,1
1735,2,52,India (Women),Jemimah Rodrigues,Hayley Matthews,,22,3,1,1,1,1,0,0,0,0,0,0,0,0,0,0,0,,,0,21.3,1,1,0,569408,-115.5,47.0,1,0,,,Knuckleball,51.0,FRONTFOOT COVERDRIVE,0,0,3,21,119,4,Outside Off stump,Good Length,0,0,2,0,0,0,0,0,47.514241,4.017016037480013,8.340953141942254,-0.7123666446237541,2.141978383704918,-0.144875835607181,-0.91475925767138,-10.0620584997023,-18.8338586289335,-0.167376769564895,-6.66726447229916,9.44934551955647,0.204247682960876,0.4216155395910728,52.81756264257332,Attacked,Played,None,0.951942443847656,0.8533172607421875,2.205125,-0.547605,-0.376677172578671,0.0,-10.6,-16.8897222135916,0.550284124249976,0.550284124249976,-8.573313,-0.524008,0.153795,-8.840858,-0.515122,0.190464,-19.49417533520391,-10.06008066562092,-0.4739302779509843,0.3243497291561004,-2.061489878183598,2.375268970149603,-2.74008445678830e-01,-1.00000000000000e+00,KOTAMBI-STADIUM-VADODARA,2024-12-27,,R,L,R,India-Women,West-Indies-Women,Spin,1
1735,2,52,India (Women),Deepti Sharma,Hayley Matthews,,22,4,0,0,0,0,0,0,1,0,0,0,0,0,0,0,0,,,0,21.4,1,1,0,569409,62.5,2.5,0,0,,,Knuckleball,49.0,FORWARD DEFENCE,0,0,4,21,119,4,Outside Off stump,Good Length,0,0,2,0,0,0,0,0,47.73474063368305,2.733304667816348,8.340741351315145,-0.6772439313569681,2.112966916648392,-0.147677274164381,-0.53940592049348,-10.605085614103,-19.1980456413695,0.870909577977781,-6.7121289429238,15.01238340203587,0.4134065717117873,0.5872100537475916,56.74085089096002,Attacked,Played,None,0.91021728515625,0.8209419250488281,3.620678,0.101191,-0.383960912827391,0.0,-10.6,-14.6969089370252,1.8552068335127,1.8552068335127,-7.764648,0.271453,0.355069,-8.840762,0.414254,0.55217,-19.27093539154655,-10.05988337793483,0.5813006824820596,0.7030335205318253,-0.7865036769583942,4.597043769017544,-9.54518113776807e-02,-1.00000000000000e+00,KOTAMBI-STADIUM-VADODARA,2024-12-27,,L,R,R,India-Women,West-Indies-Women,Spin,1
1735,2,52,India (Women),Deepti Sharma,Hayley Matthews,,22,5,0,0,0,0,0,0,1,0,0,0,0,0,0,0,0,,,0,21.5,1,1,0,569410,15.0,46.5,0,0,,,Knuckleball,50.0,BACKFOOT DEFENCE,0,0,5,21,119,4,Off stump,Good Length,0,0,2,0,0,0,0,0,48.07781280545873,1.46274622913694,8.3407061034243,-0.6753173371185444,2.10603082320114,-0.149951956401254,-1.11367195808842,-10.4539897280659,-19.493754332163,0.336678969176482,-6.60078648423696,19.75415666563129,0.5617508235120974,0.7076046671456834,59.96561772064277,Attacked,Missed,None,0.953269958496094,0.8725204467773438,4.355434,-0.184319,-0.097468771660815,0.0,-10.6,-13.0061419197687,2.03814258542922,2.03814258542922,-8.131882,0.199558,0.728375,-8.840762,0.31301,0.860813,-18.70663108499399,-10.06013613807309,0.5096135402633296,1.012546938144604,-1.922235358260681,7.916706755360904,-2.22692438489270e-01,-1.00000000000000e+00,KOTAMBI-STADIUM-VADODARA,2024-12-27,,L,R,R,India-Women,West-Indies-Women,Spin,1
1735,2,52,India (Women),Deepti Sharma,Hayley Matthews,,22,6,0,0,0,0,0,0,1,0,0,0,0,0,0,0,0,,,0,21.6,1,1,0,569411,23.5,42.0,0,0,,,Knuckleball,49.0,FORWARD DEFENCE,0,0,6,21,119,4,Outside Off stump,Good Length,0,0,2,0,0,0,0,0,48.07781280545873,0.8366244073516972,8.340897281939352,-0.6866278303826867,2.064097234536923,-0.149762624742042,-0.86840069915896,-10.1010939401873,-19.4691412164654,0.426929189881642,-6.4009234982301,12.53076101860311,0.3699217358473346,0.5469995565803129,55.05775990231347,Defended,Played,None,0.917083740234375,0.81610107421875,4.792025,-0.210928,-0.0973457060823272,0.0,-10.6,-15.7533242953836,1.34659501906157,1.34659501906157,-7.634335,-0.007158,0.449355,-8.84094,0.097911,0.565126,-18.19945705565073,-10.06010823360876,0.2048913198534927,0.6166976291260822,-1.417122744634757,3.629560061322029,-1.59641884629666e-01,-1.00000000000000e+00,KOTAMBI-STADIUM-VADODARA,2024-12-27,,L,R,R,India-Women,West-Indies-Women,Spin,1
1735,2,52,India (Women),Jemimah Rodrigues,Karishma Ramharack,,23,1,1,1,1,1,0,0,0,0,0,0,0,0,0,0,0,,,0,22.1,1,1,0,569412,162.0,-15.5,1,0,,,Knuckleball,55.0,SWEEP SHOT,0,0,1,22,120,4,Leg stump,Full Length,1,0,2,0,0,0,0,0,45.88771015820745,3.029822958175528,8.34068686828843,-0.6278956388128969,2.065038535973847,-0.144145014715538,-0.913644101146673,-9.45571086593874,-18.7388519130199,0.5094232910559,-6.28249798495569,14.62462451200927,0.304824135222164,0.6457604843677868,76.38165913295161,Attacked,Played,None,0.939949035644531,0.8155059814453125,2.892869,0.04961,-0.0936942595650996,0.0,-10.6,-15.5476240726005,1.20240524320871,1.20240524320871,-7.690052,0.090115,0.173773,-8.840872,0.179709,0.420037,-18.5345459181565,-10.06010182151043,0.2753166322507979,0.6179185923027875,-1.781875111058757,2.865050701413265,-3.32838393939921e-01,-1.00000000000000e+00,KOTAMBI-STADIUM-VADODARA,2024-12-27,,R,L,R,India-Women,West-Indies-Women,Spin,1
1735,2,52,India (Women),Deepti Sharma,Karishma Ramharack,,23,2,0,0,0,0,0,0,1,0,0,0,0,0,0,0,0,,,0,22.2,1,1,0,569413,40.5,39.0,0,0,,,Knuckleball,49.0,FORWARD DEFENCE,0,0,2,22,120,4,Outside Off stump,Good Length,0,0,2,0,0,0,0,0,47.5038937956198,2.181652725055051,8.34086633681693,-0.6988301753468893,2.034049728581216,-0.146480358949255,-0.965780491624792,-9.49209958075661,-19.0424466634031,0.248120369144639,-6.20982086579807,13.98135899644994,0.2981999717726054,0.6402290896216798,76.21436626599144,Defended,Played,None,0.913227081298828,0.8116035461425781,3.530616999999999,-0.251391,-0.0952122333170156,0.0,-10.6,-15.9678235013137,1.11547997749943,1.11547997749943,-7.678744,-0.170823,0.296719,-8.840712,-0.088803,0.504098,-18.06136231638761,-10.06006054643943,-0.00211172022625622,0.6609927369119358,-1.84963705167248,3.249562081597423,-2.26707994949873e-01,-1.00000000000000e+00,KOTAMBI-STADIUM-VADODARA,2024-12-27,,L,R,R,India-Women,West-Indies-Women,Spin,1
1735,2,52,India (Women),Deepti Sharma,Karishma Ramharack,,23,3,0,0,0,0,0,0,1,0,0,0,0,0,0,0,0,,,0,22.3,1,1,0,569414,95.0,56.5,0,0,,,Knuckleball,27.0,FORWARD PUSH,0,0,3,22,120,4,Middle stump,Full Length,0,0,2,0,0,0,0,0,46.32398249796489,5.766756337412727,8.340689641572492,-0.6413334630379814,2.107725853578597,-0.139493168971961,-1.23327772587597,-9.73411430918332,-18.134111966355,0.229143082983676,-6.68545861181351,14.15730758117006,0.08220264983507815,0.6499999999999998,99.27973501649215,Attacked,Played,None,0.9027099609375,0.8280029296875,1.008872,0.064528,-0.12952937118825,-0.0283891049782497,-10.6,-17.2274063680372,0.217685928834493,0.217685928834493,-7.736824,0.044797,0.490168,-8.840664,0.061788,0.110244,-20.23729374314842,-10.06018366576926,0.07727799078407797,0.2705488752740205,-3.002884049224749,0.0,-3.62888658995704e-01,-1.00000000000000e+00,KOTAMBI-STADIUM-VADODARA,2024-12-27,,L,R,R,India-Women,West-Indies-Women,Spin,1
1735,2,52,India (Women),Deepti Sharma,Karishma Ramharack,,23,4,2,2,2,0,1,0,0,0,0,0,0,0,0,0,0,,,0,22.4,1,1,0,569415,135.0,113.5,2,0,,,Knuckleball,36.0,CUT SHOT,0,0,4,22,122,4,Outside Off stump,Short of Good Length,0,0,2,0,0,0,0,0,46.85978809140739,0.2160014329021211,8.340911356707718,-0.6182224110087435,2.000857784706825,-0.146373576579615,-0.915482086357404,-9.84407276025416,-19.02856495535,0.901639211912062,-6.21280690168352,11.1961606879668,0.2351126705991787,0.5337640375398192,66.55333857105502,Attacked,Played,None,0.917381286621094,0.8970794677734375,5.652282,0.145014,-0.0951428247767498,0.0,-10.6,-16.7537889530886,1.36779777337145,1.36779777337145,-8.676855,0.497846,0.543412,-8.840662,0.511558,0.548713,-18.08180719621594,-10.06016513480908,0.6140549168890623,0.554588788842384,-1.357146121481084,1.954496086740644,-1.44051200659092e-01,-1.00000000000000e+00,KOTAMBI-STADIUM-VADODARA,2024-12-27,,L,R,R,India-Women,West-Indies-Women,Spin,1
1735,2,52,India (Women),Deepti Sharma,Karishma Ramharack,,23,5,0,0,0,0,0,0,1,0,0,0,0,0,0,0,0,,,0,22.5,1,1,0,569416,37.0,-4.0,0,0,,,Knuckleball,97.0,BACKFOOT PUSH,0,0,5,22,122,4,Outside Off stump,Good Length,0,0,2,0,0,0,0,0,48.42978333065975,-0.4702265403080153,8.340710549114537,-0.6214619304156062,1.999514616881697,-0.151210089711998,-1.03310513631861,-9.43447742460702,-19.6573116625597,0.701211112524075,-6.07699307349903,9.425869766807242,0.302531519723985,0.4615904713279871,48.98541872679957,Defended,Played,None,0.876171112060547,0.8904533386230469,5.508487,0.019018,-0.0982865583127985,0.0,-10.6,-16.8967771374345,1.70623840387616,1.70623840387616,-8.973379,0.471381,0.41516,-8.840886,0.457654,0.414859,-17.17882150496185,-10.06007791829606,0.5843804712417486,0.3915681088816122,-1.524962054009982,3.723212203467743,-1.52512259812139e-01,-1.00000000000000e+00,KOTAMBI-STADIUM-VADODARA,2024-12-27,,L,R,R,India-Women,West-Indies-Women,Spin,1
1735,2,52,India (Women),Deepti Sharma,Karishma Ramharack,,23,6,2,2,2,0,1,0,0,0,0,0,0,0,0,0,0,,,0,22.6,1,1,0,569417,75.0,-105.5,2,0,,,Knuckleball,35.0,LATE CUT,0,0,6,22,124,4,Off stump,Good Length,0,0,2,0,0,0,0,0,44.59129807081555,2.387527182227756,8.340619596537906,-0.6270551427549054,2.041914902142268,-0.140430462566065,-0.834348511283711,-9.8523248369119,-18.2559601335884,0.514283887008828,-6.33499124470976,12.74497108619522,0.2033545321938235,0.5781987518456732,76.39435955746863,Attacked,Played,None,0.959358215332031,0.9604454040527344,4.395528,-0.030915,-0.0912798006679421,0.0,-10.6,-16.194221286216,1.07842313725833,1.07842313725833,-9.379965,0.219139,0.605677,-8.840777,0.182521,0.558649,-19.13725900243645,-10.05996381629522,0.2654813603729847,0.6476748246392642,-1.562482229107518,2.19623980677953,-1.80919651343255e-01,-1.00000000000000e+00,KOTAMBI-STADIUM-VADODARA,2024-12-27,,L,R,R,India-Women,West-Indies-Women,Spin,1
1735,2,52,India (Women),Jemimah Rodrigues,Hayley Matthews,,24,1,1,1,1,1,0,0,0,0,0,0,0,0,0,0,0,,,0,23.1,1,1,0,569418,145.5,92.5,1,0,,,Knuckleball,58.0,BACKFOOT PULL SHOT,0,0,1,23,125,4,Outside Off stump,Short of Good Length,1,0,2,0,0,0,0,0,48.5671626342633,-0.752410838411529,8.340697219514109,-0.675213066256406,2.079288269100727,-0.152267159171316,-0.708147885300051,-9.9410397793267,-19.7947306922711,-0.0415144819031147,-6.36811091166846,12.93725844544217,0.3778340969084317,0.5757318127994231,58.5763622290703,Attacked,Played,None,0.917644500732422,0.8859329223632812,5.706433,-0.568049,-0.0989736534613556,0.0,-10.6,-15.9603113957827,1.17387976741538,1.17387976741538,-8.668684,-0.246349,0.650423,-8.840665,-0.233345,0.658207,-17.83336631214148,-10.06005763670646,-0.1407308345053602,0.676024650366458,-1.153201213345046,4.326689568349089,-1.21667847095897e-01,-1.00000000000000e+00,KOTAMBI-STADIUM-VADODARA,2024-12-27,,R,L,R,India-Women,West-Indies-Women,Spin,1
1735,2,52,India (Women),Deepti Sharma,Hayley Matthews,,24,2,1,1,1,1,0,0,0,0,0,0,0,0,0,0,0,,,0,23.2,1,1,0,569419,164.5,71.5,1,0,,,Knuckleball,52.0,BACKFOOT COVERDRIVE,0,0,2,23,126,4,Leg stump,Short of Good Length,0,0,2,0,0,0,0,0,46.955513,1.105205211694729,8.340989808116184,-0.7051534484960978,2.103564579383584,-0.145716627267126,-0.902454535099783,-9.85347956595914,-18.9431615447264,0.70493782104207,-6.38735202244548,14.37094869897573,0.4188685491697299,0.5857548845291305,55.97637776239658,Attacked,Played,None,0.917644500732422,0.9507293701171875,4.666446,-0.004926,-0.0947158077236319,0.0,-10.6,-14.6026133254121,1.80419873991433,1.80419873991433,-9.165087,0.466853,0.657548,-8.840643,0.425806,0.632745,-18.6333403091833,-10.06003238804944,0.5805377512169367,0.6976030333848128,-1.493962471932873,4.912195879246609,-1.69832643023222e-01,-1.00000000000000e+00,KOTAMBI-STADIUM-VADODARA,2024-12-27,,L,R,R,India-Women,West-Indies-Women,Spin,1
1735,2,52,India (Women),Jemimah Rodrigues,Hayley Matthews,,24,3,1,1,1,1,0,0,0,0,0,0,0,0,0,0,0,,,0,23.3,1,1,0,569420,82.0,-26.0,1,0,,,Knuckleball,40.0,FRONTFOOT FLICK,0,0,3,23,127,4,Outside Off stump,Good Length,0,0,2,0,0,0,0,0,47.0042688247695,-0.2240870526375432,8.340658333629136,-0.5991807525171584,2.0927794751867,-0.147028158382967,-0.889060589160131,-9.784062292074,-19.1136605897858,0.273928221596946,-6.3299986063423,14.36737423415413,0.3710937203272356,0.6176964356582202,65.54509331600947,Attacked,Played,None,0.950225830078125,0.9169235229492188,5.603755,-0.242985,-0.0955683029489288,0.0,-10.6,-15.2645928785213,1.24913954723196,1.24913954723196,-8.649066,0.104708,0.723175,-8.840824,0.120833,0.734679,-18.3236664068576,-10.0599320561651,0.2238158297386581,0.766482931093362,-1.474586153243293,3.857151208735996,-1.53846899031450e-01,-1.00000000000000e+00,KOTAMBI-STADIUM-VADODARA,2024-12-27,,R,L,R,India-Women,West-Indies-Women,Spin,1
1735,2,52,India (Women),Deepti Sharma,Hayley Matthews,,24,4,0,0,0,0,0,0,1,0,0,0,0,0,0,0,0,,,0,23.4,1,1,0,569421,82.0,-26.0,0,0,,,Knuckleball,105.0,LEFT ALONE,0,0,4,23,127,4,Off stump,Good Length,0,0,2,0,0,0,0,0,47.30573733910214,1.70594465685633,8.340589612137045,-0.6472454716058795,2.131830481382284,-0.147537359853151,-0.894008775296264,-9.93968895586324,-19.1798567809096,0.820936955633357,-6.47474333990393,12.96467587512583,0.3891206979301234,0.5414125465770838,52.29981219355024,Defended,Missed,None,0.921592712402344,0.9766387939453125,3.931808,0.168638,-0.0958992839045478,0.0,-10.6,-15.2268439864779,1.6305271813357,1.6305271813357,-999.9,-999.9,-999.9,-8.840733,0.461613,0.50203,-18.65367314235755,-10.05991619270012,0.5949568091493473,0.5975039425157007,-1.468690672246517,3.661199428277346,-1.75380067601368e-01,-1.00000000000000e+00,KOTAMBI-STADIUM-VADODARA,2024-12-27,,L,R,R,India-Women,West-Indies-Women,Spin,1
1735,2,52,India (Women),Deepti Sharma,Hayley Matthews,,24,5,0,0,0,0,0,0,1,0,0,0,0,0,0,0,0,,,0,23.5,1,1,0,569422,60.0,33.0,0,0,,,Knuckleball,49.0,FORWARD DEFENCE,0,0,5,23,127,4,Middle stump,Full Length,0,0,2,0,0,0,0,0,48.27829761482097,0.6587034109561031,8.34060031172666,-0.6622321216872677,2.078049790879442,-0.152020487918853,-1.06498101367398,-9.92461426469808,-19.7626634294509,0.413073716808132,-6.35876510667463,13.12879259421838,0.4049830422395813,0.5739441868855691,55.59332380887724,Defended,Played,None,0.909336090087891,0.8078269958496094,4.548435,-0.150891,-0.0988133171472543,0.0,-10.6,-15.6474952809591,1.44170139989284,1.44170139989284,-7.71471,0.053524,0.455097,-8.840918,0.159134,0.583906,-17.83591597323936,-10.06008831199355,0.2743294271012937,0.6595462762598835,-1.740705675515382,4.066749219086068,-1.99513702652654e-01,-1.00000000000000e+00,KOTAMBI-STADIUM-VADODARA,2024-12-27,,L,R,R,India-Women,West-Indies-Women,Spin,1
1735,2,52,India (Women),Deepti Sharma,Hayley Matthews,,24,6,1,1,1,1,0,0,0,0,0,0,0,0,0,0,0,,,0,23.6,1,1,0,569423,-156.0,-16.5,1,0,,,Knuckleball,55.0,SWEEP SHOT,0,0,6,23,128,4,Off stump,Full Length,0,0,2,0,0,0,0,0,43.0820809783627,4.417598665291425,8.340673572114536,-0.6830684493482303,2.158623335819895,-0.136062053624289,-0.396749354621276,-10.5552718671193,-17.6880669711576,0.749087307572928,-6.85345092065509,19.51680074860777,0.4999445415569336,0.6200264364179828,53.00951130700408,Attacked,Played,None,1.01217269897461,0.8420333862304688,3.579268,0.03625,-0.0884403348557879,0.0,-10.6,-11.9885384773707,1.99349946377612,1.99349946377612,-7.061189,0.132978,0.237156,-8.840861,0.432158,0.678322,-21.17944835849971,-10.0601226437499,0.6394438411270232,0.8439708097224132,-0.6655413567537952,7.015956217767831,-6.85843377860220e-02,-1.00000000000000e+00,KOTAMBI-STADIUM-VADODARA,2024-12-27,,L,R,R,India-Women,West-Indies-Women,Spin,1
1735,2,52,India (Women),Deepti Sharma,Karishma Ramharack,,25,1,0,0,0,0,0,0,1,0,0,0,0,0,0,0,0,,,0,24.1,1,1,0,569424,44.0,110.5,0,0,,,Knuckleball,97.0,BACKFOOT PUSH,0,0,1,24,128,4,Middle stump,Good Length,1,0,2,0,0,0,0,0,45.4679049578896,3.441596554992251,8.340695070017286,-0.6115708529814713,2.070354773745514,-0.139399620038888,-0.866617186977105,-9.58200731323882,-18.1219506050554,0.835923291718096,-6.35372774092001,11.98663502136536,0.2514090627810789,0.5231201804635784,63.32712079142888,Attacked,Played,None,0.925346374511719,0.88165283203125,3.264873,0.319344,-0.090609753025277,0.0,-10.6,-15.6550318256884,1.29146127446561,1.29146127446561,-8.222916,0.437619,0.301006,-8.840826,0.489111,0.386397,-19.32115017591017,-10.06012629596742,0.59126746682211,0.5059290448906099,-1.657176230712877,2.074886107826725,-2.06586459736634e-01,-1.00000000000000e+00,KOTAMBI-STADIUM-VADODARA,2024-12-27,,L,R,R,India-Women,West-Indies-Women,Spin,1
1735,2,52,India (Women),Deepti Sharma,Karishma Ramharack,,25,2,1,1,1,1,0,0,0,0,0,0,0,0,0,0,0,,,0,24.2,1,1,0,569425,164.0,93.0,1,0,,,Knuckleball,51.0,FRONTFOOT COVERDRIVE,0,0,2,24,129,4,Outside Off stump,Full Length,0,0,2,0,0,0,0,0,45.793366360266,2.563415491212595,8.34078165640646,-0.5782848341343929,2.066046961895194,-0.141025355069186,-0.912986842739936,-9.40092456774858,-18.3332961589942,0.571653920984329,-6.24329614499745,12.47731121890121,0.2537524802722628,0.5602480356936983,68.66195732682847,Attacked,Played,None,0.944961547851562,0.8458786010742188,3.666466,0.121513,-0.0916664807949711,0.0,-10.6,-15.8071509995856,1.41525809125737,1.41525809125737,-7.725011,0.241186,0.295201,-8.840909,0.342203,0.453884,-18.80597371528446,-10.06004557539753,0.4533261057713335,0.5660642355147003,-1.765274350307053,3.330236811708598,-2.14510938345310e-01,-1.00000000000000e+00,KOTAMBI-STADIUM-VADODARA,2024-12-27,,L,R,R,India-Women,West-Indies-Women,Spin,1
1735,2,52,India (Women),Jemimah Rodrigues,Karishma Ramharack,,25,3,0,0,0,0,0,0,1,0,0,0,0,0,0,0,0,,,0,24.3,1,1,0,569426,45.5,39.5,0,0,,,Knuckleball,49.0,FORWARD DEFENCE,0,0,3,24,129,4,Outside Off stump,Good Length,0,0,2,0,0,0,0,0,46.04032253985534,2.168992637832043,8.34071182024524,-0.621904006928795,2.043103209280455,-0.142125728108664,-0.712429515886382,-9.2189970165414,-18.4763446541264,0.236579311674455,-6.12799006680294,11.06998125439041,0.1909210409671291,0.5324780138615245,70.77959798251578,Defended,Played,None,0.942237854003906,0.844482421875,3.795476,-0.244756,-0.0923817232706318,0.0,-10.6,-16.6779995578533,0.480430143785415,0.480430143785415,-7.847546,-0.198954,0.302197,-8.840681,-0.170012,0.418655,-18.34896899456816,-10.06015292377634,-0.1342525315916494,0.5094186713842004,-1.412841080620149,0.9164181203687565,-1.70177910463601e-01,-1.00000000000000e+00,KOTAMBI-STADIUM-VADODARA,2024-12-27,,R,L,R,India-Women,West-Indies-Women,Spin,1
1735,2,52,India (Women),Jemimah Rodrigues,Karishma Ramharack,,25,4,0 WK,W,0,0,0,0,1,0,0,0,0,0,0,0,1,Caught,WICKET,1,24.4,1,1,0,569427,96.5,-6.0,0,0,,,Knuckleball,55.0,SWEEP SHOT,0,0,4,24,129,5,Middle stump,Full Length,1,0,2,0,0,0,0,0,44.25099432697917,3.585755869619891,8.34077702162066,-0.6180911492092191,2.072673977298289,-0.137576117427196,-0.888095541435806,-9.51696052626224,-17.8848952655355,0.372874902905272,-6.3240822897207,9.479038577793585,0.300595638984564,0.4016902881405489,40.19397932262594,None,None,None,0.981468200683594,0.837158203125,3.357666,-0.040037,-0.0894244763276775,0.0,-10.6,-15.2145598621943,0.541144169156949,0.541144169156949,-7.328932,-0.017709,0.149418,-8.840755,0.036503,0.306903,-19.47354691110214,-10.06009522582639,0.08058443879424756,0.3565368437462038,-1.902811142856963,0.842646766330647,-3.08297720389453e-01,-1.00000000000000e+00,KOTAMBI-STADIUM-VADODARA,2024-12-27,,R,L,R,India-Women,West-Indies-Women,Spin,1
1735,2,52,India (Women),Richa Ghosh,Karishma Ramharack,,25,5,0,0,0,0,0,0,1,0,0,0,0,0,0,0,0,,,0,24.5,1,1,0,569428,33.0,135.5,0,0,,,Knuckleball,47.0,FRONTFOOT ON DRIVE,0,0,5,24,129,5,Middle stump,Full Length,2,0,2,0,0,0,0,0,44.47481459789836,3.495649120855649,8.340592487612128,-0.5897081025928719,2.079617981085827,-0.138307503607395,-1.0239100027765,-9.40259422341476,-17.9799754689613,0.2024639276229,-6.31660460479432,14.12506686240658,0.2823684697335903,0.600849642471855,71.89059939741924,Attacked,Played,None,0.972827911376953,0.8670272827148438,3.144185999999999,-0.097719,-0.0898998773448065,0.0,-10.6,-15.0819110685458,1.1517417859592,1.1517417859592,-7.88898,-0.023186,0.261392,-8.84068,0.050125,0.437836,-19.3570537877055,-10.05985200383316,0.1446561839532595,0.6019614357690857,-2.272606339133529,3.721807454491053,-2.84278583473685e-01,-1.00000000000000e+00,KOTAMBI-STADIUM-VADODARA,2024-12-27,,R,L,R,India-Women,West-Indies-Women,Spin,1
1735,2,52,India (Women),Richa Ghosh,Karishma Ramharack,,25,6,0,0,0,0,0,0,1,0,0,0,0,0,0,0,0,,,0,24.6,1,1,0,569429,99.0,2.0,0,0,,,Knuckleball,49.0,FORWARD DEFENCE,0,0,6,24,129,5,Off stump,Good Length,0,0,2,0,0,0,0,0,45.90475575790649,1.412007273630911,8.34098097011233,-0.5924754872849567,2.015960557224522,-0.142724194904154,-0.557318675565317,-9.53438160338486,-18.55414533754,0.341353749248966,-6.16165468572771,13.30980302806771,0.2676347679527519,0.6096454536033116,74.68334124522156,Defended,Played,None,0.947639465332031,0.82452392578125,4.757334,-0.217527,-0.0927707266877,0.0,-10.6,-15.8786596109659,0.877038463973489,0.877038463973489,-7.2802,-0.107664,0.425734,-8.840659,-0.020062,0.615436,-18.37083475854121,-10.05986113102027,0.04895149086276443,0.6904106680805326,-0.98826200830868,2.107458280695689,-1.12148935536134e-01,-1.00000000000000e+00,KOTAMBI-STADIUM-VADODARA,2024-12-27,,R,L,R,India-Women,West-Indies-Women,Spin,1
1735,2,52,India (Women),Deepti Sharma,Hayley Matthews,,26,1,0,0,0,0,0,0,1,0,0,0,0,0,0,0,0,,,0,25.1,1,1,0,569430,-8.0,63.5,0,0,,,Knuckleball,49.0,FORWARD DEFENCE,0,0,1,25,129,5,Off stump,Full Length,1,0,2,0,0,0,0,0,47.40678903435793,3.279662915191861,8.340806171987602,-0.6561605910621986,2.128309044884452,-0.147572603627375,-1.44718857131283,-10.4251795629444,-19.1844384715587,0.207255943257362,-6.70624631976252,14.59333815900416,0.3219110372189964,0.609184205723207,69.18652713658142,Defended,Played,None,0.908008575439453,0.819488525390625,2.944494000000001,-0.079048,-0.0959221923577936,0.0,-10.6,-15.6913384451879,0.798207015379137,0.798207015379137,-8.02662,-0.032571,0.263805,-8.840833,0.009184,0.430723,-19.2679408579863,-10.06007160554987,0.07210441159120363,0.6274639189061684,-2.870578765674338,2.293123158949905,-3.78024815043594e-01,-1.00000000000000e+00,KOTAMBI-STADIUM-VADODARA,2024-12-27,,L,R,R,India-Women,West-Indies-Women,Spin,1
1735,2,52,India (Women),Deepti Sharma,Hayley Matthews,,26,2,1,1,1,1,0,0,0,0,0,0,0,0,0,0,0,,,0,25.2,1,1,0,569431,138.0,114.5,1,0,,,Knuckleball,51.0,FRONTFOOT COVERDRIVE,0,0,2,25,130,5,Off stump,Full Length,0,0,2,0,0,0,0,0,46.89622051233794,-0.9315577249167565,8.340639366256426,-0.6692202842200138,2.053067635102145,-0.15031880483364,-0.803080334949453,-9.70978431106316,-19.5414446283732,0.590371566326629,-6.254305948308,14.06189404893066,0.4310999640507212,0.6065070567754093,57.86606211123928,Attacked,Played,None,0.961235046386719,0.9228744506835938,5.953877,-0.161552,-0.0977072231418661,0.0,-10.6,-15.1443049273627,1.5044303211865,1.5044303211865,-8.798158,0.311754,0.713847,-8.840841,0.316127,0.715135,-17.74744738609188,-10.06005127024695,0.4415687875052489,0.7139429123116523,-1.153939579287547,3.942680359219144,-1.16982057173979e-01,-1.00000000000000e+00,KOTAMBI-STADIUM-VADODARA,2024-12-27,,L,R,R,India-Women,West-Indies-Women,Spin,1
1735,2,52,India (Women),Richa Ghosh,Hayley Matthews,,26,3,6,6,6,0,0,0,0,0,0,0,0,0,0,1,0,,,0,25.3,1,1,0,569432,177.0,145.5,6,0,,,Knuckleball,95.0,SLOG SWEEP,0,0,3,25,136,5,Outside Off stump,Full Length,0,0,2,0,0,0,0,0,45.26004322965688,2.17935158348737,8.340600661298652,-0.7320329829460466,2.120238635914562,-0.140330809251265,-0.795575950589917,-9.86373044972083,-18.2430052026644,-0.0903421489127374,-6.44539086608918,15.41122154133465,0.3866709612185816,0.6080376458261958,62.53855075207121,Attacked,Played,None,0.971900939941406,0.8345260620117188,4.348175,-0.585297,-0.0912150260133222,0.0,-10.6,-14.2171095572472,0.725414855778786,0.725414855778786,-7.170614,-0.510513,0.392079,-8.840681,-0.424026,0.653704,-19.45869741466208,-10.05993587506097,-0.3602853268398881,0.7500764178131086,-1.676727400990034,3.204666169712687,-1.94879913012460e-01,8.00000000000000e+01,KOTAMBI-STADIUM-VADODARA,2024-12-27,,R,L,R,India-Women,West-Indies-Women,Spin,1
1735,2,52,India (Women),Richa Ghosh,Hayley Matthews,,26,4,0,0,0,0,0,0,1,0,0,0,0,0,0,0,0,,,0,25.4,1,1,0,569433,-55.0,85.5,0,0,,,Knuckleball,49.0,FORWARD DEFENCE,0,0,4,25,136,5,Outside Off stump,Full Length,0,0,2,0,0,0,0,0,47.06714772670571,1.940953827722264,8.340715670540913,-0.6769256502943461,2.121468074311126,-0.145552216096351,-0.791223989749836,-9.91171298520195,-18.9217880925256,-0.0937367119265672,-6.45771355538886,15.45874972394975,0.3819617073939041,0.6358159482666161,67.17622150060201,Defended,Played,None,0.929580688476562,0.8213539123535156,3.966054,-0.537707,-0.0946089404626279,0.0,-10.6,-14.8469591423445,1.09274005221939,1.09274005221939,-7.541514,-0.430671,0.394727,-8.840711,-0.333754,0.62511,-18.84397918184653,-10.05984073864804,-0.2420645047067085,0.7663089155361659,-1.588092265065717,4.493229893203932,-1.89326266804669e-01,-1.00000000000000e+00,KOTAMBI-STADIUM-VADODARA,2024-12-27,,R,L,R,India-Women,West-Indies-Women,Spin,1
1735,2,52,India (Women),Richa Ghosh,Hayley Matthews,,26,5,0,0,0,0,0,0,1,0,0,0,0,0,0,0,0,,,0,25.5,1,1,0,569434,15.5,44.0,0,0,,,Knuckleball,49.0,FORWARD DEFENCE,0,0,5,25,136,5,Outside Off stump,Good Length,0,0,2,0,0,0,0,0,43.18344808162384,2.38170500837128,8.340968223847597,-0.7027529786530422,2.120709893575931,-0.134424133501555,-0.798032209103969,-10.0545899544101,-17.4751373552021,0.201599033932085,-6.51782117048544,16.06216753190336,0.3442120780080729,0.61019728551445,67.10838502636021,Defended,Played,None,0.939365386962891,0.9037971496582031,5.036465,-0.344545,-0.0873756867760105,0.0,-10.6,-13.8134095200979,1.18098407930474,1.18098407930474,-7.43383,-0.136889,0.575548,-8.840932,-0.01417,0.73792,-20.45434950521184,-10.0598734890801,0.09304692965967082,0.7860988550202135,-1.664300428589874,4.225693050035122,-2.43446993228358e+00,-1.00000000000000e+00,KOTAMBI-STADIUM-VADODARA,2024-12-27,,R,L,R,India-Women,West-Indies-Women,Spin,1
1735,2,52,India (Women),Richa Ghosh,Hayley Matthews,,26,6,0,0,0,0,0,0,1,0,0,0,0,0,0,0,0,,,0,25.6,1,1,0,569435,-43.5,134.0,0,0,,,Knuckleball,84.0,FRONTFOOT OFF DRIVE,0,0,6,25,136,5,Middle stump,Full Length,0,0,2,0,0,0,0,0,59.17435592572468,-1.576954946705854,8.340885729050239,-0.7273318493625192,2.052532676745525,-0.182348731511171,-0.283805652956594,-8.85868813875217,-23.7053350964523,0.804555297475871,-6.00899649537172,10.14180254675954,0.2861562923771629,0.6225946844503575,74.77357342983734,Attacked,Played,None,0.723243713378906,0.6608734130859375,3.471227,-0.197228,-0.118526675482261,0.0,-10.6,-20.9144114027488,0.778973689362089,0.778973689362089,-7.936465,-0.14684,0.264232,-8.840966,-0.112803,0.387619,-14.22413168571955,-10.06019651113809,-0.06664334715257914,0.5226244776077391,-0.1663027400371699,0.1891768761468889,-1.99848908831317e-02,-1.00000000000000e+00,KOTAMBI-STADIUM-VADODARA,2024-12-27,,R,L,R,India-Women,West-Indies-Women,Spin,1
1735,2,52,India (Women),Deepti Sharma,Karishma Ramharack,,27,1,0,0,0,0,0,0,1,0,0,0,0,0,0,0,0,,,0,26.1,1,1,0,569436,16.0,-21.5,0,0,,,Knuckleball,27.0,FORWARD PUSH,0,0,1,26,136,5,Off stump,Full Length,1,0,2,0,0,0,0,0,46.1250480526778,2.674972881902395,8.340802413000517,-0.602351396938008,2.058050732651521,-0.14213259248942,-0.870583476296541,-9.69734177385073,-18.4772370236246,0.743090421926073,-6.3321416635226,12.48995944151334,0.3076950366293802,0.5386346828008686,60.02569875719227,Defended,Edged,None,0.946334838867188,0.8574600219726562,3.735317999999999,0.20267,-0.0923861851181228,0.0,-10.6,-15.3974924368275,1.72973366637936,1.72973366637936,-7.939983,0.385016,0.338916,-8.840914,0.487496,0.45618,-18.9165667488441,-10.06006519568141,0.6270718361744021,0.5560443034735152,-1.586049316412498,4.106661421220921,-1.94195681503176e-01,-1.00000000000000e+00,KOTAMBI-STADIUM-VADODARA,2024-12-27,,L,R,R,India-Women,West-Indies-Women,Spin,1
1735,2,52,India (Women),Deepti Sharma,Karishma Ramharack,,27,2,0,0,0,0,0,0,1,0,0,0,0,0,0,0,0,,,0,26.2,1,1,0,569437,-18.0,19.5,0,0,,,Knuckleball,49.0,FORWARD DEFENCE,0,0,2,26,136,5,Leg stump,Good Length,0,0,2,0,0,0,0,0,45.8756474927794,1.02367693923121,8.340803890630148,-0.6196065332217524,2.020486695183395,-0.143671403475917,-1.12586446453488,-9.73463002783153,-18.6772824518692,0.241647552057407,-6.22423513159274,11.79455618417985,0.2807561183696415,0.5361211474440987,62.34256027965065,Defended,Played,None,0.946323394775391,0.8627700805664062,5.117265,-0.197825,-0.0933864122593462,0.0,-10.6,-15.9806354129137,0.665489083950714,0.665489083950714,-7.883072,-0.074315,0.474332,-8.840873,-0.033616,0.538274,-18.43073644650907,-10.06008742054572,0.01853064664398801,0.5622588116029904,-2.051100029894783,1.643363052188337,-2.25999101062662e-01,-1.00000000000000e+00,KOTAMBI-STADIUM-VADODARA,2024-12-27,,L,R,R,India-Women,West-Indies-Women,Spin,1
1735,2,52,India (Women),Deepti Sharma,Karishma Ramharack,,27,3,0,0,0,0,0,0,1,0,0,0,0,0,0,0,0,,,0,26.3,1,1,0,569438,22.5,32.5,0,0,,,Knuckleball,49.0,FORWARD DEFENCE,0,0,3,26,136,5,Off stump,Good Length,0,0,2,0,0,0,0,0,47.17116361986713,1.536696998872729,8.34069254758234,-0.5923879500858328,1.999917285322922,-0.14729479253622,-0.962308448088499,-9.79604027996438,-19.1483230297086,0.380463178149908,-6.22818001862042,13.93819840509278,0.287110638251308,0.644451682303151,77.95668852034186,Defended,Played,None,0.931686401367188,0.819122314453125,4.411621,-0.096745,-0.095741615148543,0.0,-10.6,-16.1726117478245,1.12267741092438,1.12267741092438,-7.661991,0.043877,0.456142,-8.840643,0.126978,0.625926,-18.01762476295561,-10.06000536395571,0.2135732994114018,0.7410568573296556,-1.691077419765261,2.832737436600476,-1.95623235976449e-01,-1.00000000000000e+00,KOTAMBI-STADIUM-VADODARA,2024-12-27,,L,R,R,India-Women,West-Indies-Women,Spin,1
1735,2,52,India (Women),Deepti Sharma,Karishma Ramharack,,27,4,1,1,1,1,0,0,0,0,0,0,0,0,0,0,0,,,0,26.4,1,1,0,569439,-161.5,-9.5,1,0,,,Knuckleball,55.0,SWEEP SHOT,0,0,4,26,137,5,Middle stump,Full Length,0,0,2,0,0,0,0,0,47.80547666817335,0.7529710902359426,8.340852898916228,-0.5954446453197881,2.002004174451113,-0.148642916375123,-0.964624305049714,-9.59074482578697,-19.323579128766,0.353558805186878,-6.13926547795366,12.45005959539791,0.2298305840198041,0.612659228998955,78.91582594786284,Attacked,Played,None,0.867622375488281,0.7699356079101562,4.800781,-0.142676,-0.0966178956438301,0.0,-10.6,-17.0362861518104,0.716957226877807,0.716957226877807,-6.964119,-0.070578,0.365805,-8.840737,0.009601,0.600944,-17.62549522023573,-10.05999054124318,0.06216160695558035,0.6831517222903345,-1.632083728993803,1.361610948942175,-1.83811338751050e-01,-1.00000000000000e+00,KOTAMBI-STADIUM-VADODARA,2024-12-27,,L,R,R,India-Women,West-Indies-Women,Spin,1
1735,2,52,India (Women),Richa Ghosh,Karishma Ramharack,,27,5,0,0,0,0,0,0,1,0,0,0,0,0,0,0,0,,,0,26.5,1,1,0,569440,99.0,3.0,0,0,,,Knuckleball,40.0,FRONTFOOT FLICK,0,0,5,26,137,5,Outside Off stump,Good Length,0,0,2,0,0,0,0,0,51.19779165606811,-1.111057196941095,8.341053951742246,-0.6466156536684293,1.957948978673435,-0.159571869369631,-0.706356583698631,-8.90968628834028,-20.7443430180521,0.599545799343661,-5.8641687270449,12.65308243596774,0.323735972331225,0.6720383834847485,78.43216028958979,Defended,Played,None,0.846302032470703,0.8200836181640625,5.146778,-0.151102,-0.10372171509026,0.0,-10.6,-17.554371225705,0.925220350378098,0.925220350378098,-8.58835,0.044733,0.635849,-8.840897,0.05835,0.659681,-15.78494021660312,-10.06007963127232,0.1243784949120855,0.742684131530599,-0.9226822756845651,1.36155673163158,-1.01236740682558e-01,-1.00000000000000e+00,KOTAMBI-STADIUM-VADODARA,2024-12-27,,R,L,R,India-Women,West-Indies-Women,Spin,1
1735,2,52,India (Women),Richa Ghosh,Karishma Ramharack,,27,6,5 (WD),5,0,0,0,0,0,5,1,0,0,0,1,0,0,,,0,26.6,1,1,1,569441,99.0,3.0,5,0,,,Knuckleball,99.0,SCOOP,0,0,6,26,142,5,Outside Leg stump,Good Length,0,0,2,0,0,0,0,0,56.27845107601473,-3.616627966056489,8.340709682264546,-0.6456478032445524,1.830553766971421,-0.176606181443074,-0.900425505491021,-8.22513352743056,-22.9588035875996,1.23481283306497,-5.64802774472876,10.42575803971293,0.2767393841630543,0.6622745726400509,81.6672474797022,Attacked,Missed,None,0.779926300048828,0.8221664428710938,6.545523,0.074492,-0.114794017937998,0.0,-10.6,-20.3291504368984,1.62254376226487,1.62254376226487,-999.9,-999.9,-999.9,-8.840739,0.506124,0.663782,-13.82072088874841,-10.05987466255696,0.6068030096604758,0.7005064029938678,-0.7573183807672109,1.484690766237497,-7.47045667916719e-02,-1.00000000000000e+00,KOTAMBI-STADIUM-VADODARA,2024-12-27,,R,L,R,India-Women,West-Indies-Women,Spin,1
1735,2,52,India (Women),Richa Ghosh,Karishma Ramharack,,27,6,4,4,4,0,0,0,0,0,0,0,0,0,1,0,0,,,0,26.6,1,1,0,569442,-40.0,-153.5,4,0,,,Knuckleball,44.0,GLIDE,0,0,7,26,146,5,Outside Off stump,Good Length,0,0,2,0,0,0,0,0,48.69951885753981,0.5043563605239072,8.340945042381701,-0.6768463328164702,1.991592203781593,-0.152801095660148,-1.06711710896412,-9.16053157628767,-19.8641424358193,-0.291182523167292,-5.98280915628231,12.00112765607144,0.2771905529872236,0.6107845767845982,73.89863121896737,Attacked,Played,None,0.899059295654297,0.8728866577148438,4.292912,-0.630606,-0.0993207121790965,0.0,-10.6,-17.1900313048726,0.412776858607007,0.412776858607007,-9.147903,-0.548621,0.556648,-8.840944,-0.556132,0.52671,-16.76158585236635,-10.06008682760429,-0.5262200477076873,0.6250921445407921,-1.954222837480391,2.215376215830342,-2.63574602043710e-01,-1.00000000000000e+00,KOTAMBI-STADIUM-VADODARA,2024-12-27,,R,L,R,India-Women,West-Indies-Women,Spin,1
1735,2,52,India (Women),Deepti Sharma,Ashmini Munisar,,28,1,1,1,1,1,0,0,0,0,0,0,0,0,0,0,0,,,0,27.1,1,1,0,569443,-128.5,110.0,1,0,,,Knuckleball,97.0,BACKFOOT PUSH,0,0,1,27,147,5,Leg stump,Good Length,1,0,2,0,0,0,0,0,50.05166455703696,-2.003885805212123,8.340870122567917,-0.462908620637737,1.909638226877602,-0.157570413062489,-0.85010319962788,-9.474914173383,-20.4841536981236,0.417435529596047,-6.00548086382243,11.20294599337634,0.2330137952480426,0.6011661650593046,76.87354523409144,Attacked,Played,None,0.830280303955078,0.822601318359375,6.602467,-0.103571,-0.102420768490618,0.0,-10.6,-18.2283873542984,0.841462455967861,0.841462455967861,-8.334467,0.124701,0.628021,-8.840952,0.148775,0.644704,-16.33991881403532,-10.06012029151101,0.2070163614716593,0.6491763761487102,-1.103678073147359,1.475584667911258,-1.03268203866412e-01,-1.00000000000000e+00,KOTAMBI-STADIUM-VADODARA,2024-12-27,,L,R,R,India-Women,West-Indies-Women,Spin,1
1735,2,52,India (Women),Richa Ghosh,Ashmini Munisar,,28,2,1 (WD),1,0,0,0,0,0,1,1,0,0,0,0,0,0,,,0,27.2,1,1,1,569444,-128.5,110.0,1,0,,,Knuckleball,105.0,LEFT ALONE,0,0,2,27,148,5,Leg stump,Good Length,0,0,2,0,0,0,0,0,52.21331504475354,-0.298549119948291,8.340612116720404,-0.3775037387126864,1.954853105498345,-0.161979240855506,-0.668497462350952,-9.27872058421109,-21.0573013112157,0.632337797051617,-5.95995118924972,13.02284771511412,0.3587059355887497,0.6774559148512023,75.74779366880539,Attacked,Missed,None,0.833415985107422,0.8876495361328125,4.451948,0.152722,-0.105286506556079,0.0,-10.6,-17.457022350202,0.907818383318282,0.907818383318282,-999.9,-999.9,-999.9,-8.840919,0.322502,0.611273,-15.8033644461408,-10.06001554469754,0.3874026056052123,0.7311131040143275,-0.8656678869194092,1.256833581679401,-1.12522398481668e-01,-1.00000000000000e+00,KOTAMBI-STADIUM-VADODARA,2024-12-27,,R,L,R,India-Women,West-Indies-Women,Spin,1
1735,2,52,India (Women),Richa Ghosh,Ashmini Munisar,,28,2,1,1,1,1,0,0,0,0,0,0,0,0,0,0,0,,,0,27.2,1,1,0,569445,27.5,186.5,1,0,,,Knuckleball,97.0,BACKFOOT PUSH,0,0,3,27,149,5,Outside Off stump,Good Length,0,0,2,0,0,0,0,0,49.65199662715685,-1.712485679473055,8.340560216416254,-0.5088330253672233,1.910399546733085,-0.15719270518309,-0.729382258840469,-9.28962752663507,-20.4350516738018,0.369845080821335,-5.93475222128724,11.29187097600625,0.2930274876976514,0.5939961166829009,69.79666873267,Attacked,Played,None,0.883552551269531,0.8452377319335938,6.282741,-0.181918,-0.102175258369009,0.0,-10.6,-17.655037347134,0.632580608215414,0.632580608215414,-8.621074,-0.005885,0.609244,-8.840878,0.002223,0.61575,-16.19436561744465,-10.05985450867605,0.04738193292322398,0.6201225928335613,-0.9714663086864852,1.015173861031682,-9.79586156019005e-02,-1.00000000000000e+00,KOTAMBI-STADIUM-VADODARA,2024-12-27,,R,L,R,India-Women,West-Indies-Women,Spin,1
1735,2,52,India (Women),Deepti Sharma,Ashmini Munisar,,28,3,0,0,0,0,0,0,1,0,0,0,0,0,0,0,0,,,0,27.3,1,1,0,569446,-20.5,26.5,0,0,,,Knuckleball,49.0,FORWARD DEFENCE,0,0,4,27,149,5,Outside Leg stump,Good Length,0,0,2,0,0,0,0,0,49.89050761147912,-0.04091334461986662,8.340563155546285,-0.5243185438481182,1.928670554202274,-0.156265107588176,-0.490787713618858,-9.95957099578941,-20.3144639864629,0.376627736097979,-6.14014208630908,13.53461975944302,0.3390551427254917,0.6603802158321666,75.15151810227582,Defended,Played,None,0.881378173828125,0.7976875305175781,5.289302,-0.199944,-0.101572319932314,0.0,-10.6,-16.8447308522282,0.747266700847654,0.747266700847654,-7.821244,-0.063355,0.600049,-8.840808,-0.017133,0.710738,-16.81768838294313,-10.05996515655149,0.03852202832290189,0.7902001711485868,-0.6754611382769797,1.477957279551849,-7.28528416791108e-02,-1.00000000000000e+00,KOTAMBI-STADIUM-VADODARA,2024-12-27,,L,R,R,India-Women,West-Indies-Women,Spin,1
1735,2,52,India (Women),Deepti Sharma,Ashmini Munisar,,28,4,6,6,6,0,0,0,0,0,0,0,0,0,0,1,0,,,0,27.4,1,1,0,569447,-154.5,164.0,6,0,,,Knuckleball,95.0,SLOG SWEEP,0,0,5,27,155,5,Off stump,Full Length,0,1,3,0,0,0,0,0,50.37534571551729,0.3445009401382354,8.340718859110794,-0.4946711011187764,1.971609934272998,-0.156193140738049,-0.597059045754355,-9.39141120229714,-20.3051082959464,0.602053293405381,-6.02778636240439,10.68109227524362,0.2643553465859445,0.5573247277345881,67.16317450159377,Attacked,Played,None,0.85601806640625,0.745697021484375,4.368761,0.028986,-0.101525541479732,0.0,-10.6,-17.811520343432,0.864132559884764,0.864132559884764,-7.277327,0.106286,0.296249,-8.840957,0.183184,0.468851,-16.53407892319256,-10.06010550586425,0.243626950733036,0.5455978095195972,-0.8312410726792003,1.079206728161353,-9.61998511742109e-02,6.90000000000000e+01,KOTAMBI-STADIUM-VADODARA,2024-12-27,,L,R,R,India-Women,West-Indies-Women,Spin,1
1735,2,52,India (Women),Deepti Sharma,Ashmini Munisar,,28,5,0,0,0,0,0,0,1,0,0,0,0,0,0,0,0,,,0,27.5,1,1,0,569448,86.5,-14.0,0,0,,,Knuckleball,36.0,CUT SHOT,0,0,6,27,155,5,Leg stump,Short of Good Length,0,0,3,0,0,0,0,0,52.19834285584526,-2.40180118229935,8.34057841279511,-0.5342896742002755,1.896831053246578,-0.164245747685366,-0.532383783372994,-9.63370767080734,-21.3519471990976,0.886959433732595,-6.05840191312947,11.72096003271935,0.3073208217736221,0.6262900825905183,73.21143021121556,Attacked,Played,None,0.826789855957031,0.8446998596191406,6.635147,0.007649,-0.106759735995488,0.0,-10.6,-18.2883697496559,1.40703450285206,1.40703450285206,-9.128827,0.453963,0.711639,-8.840871,0.431065,0.703206,-15.84076146568781,-10.06012993470075,0.5282904409983752,0.719669178057595,-0.4924762033833176,2.020745064218842,-4.81677505326906e-02,-1.00000000000000e+00,KOTAMBI-STADIUM-VADODARA,2024-12-27,,L,R,R,India-Women,West-Indies-Women,Spin,1
1735,2,52,India (Women),Deepti Sharma,Ashmini Munisar,,28,6,0,0,0,0,0,0,1,0,0,0,0,0,0,0,0,,,0,27.6,1,1,0,569449,-15.0,38.5,0,0,,,Knuckleball,49.0,FORWARD DEFENCE,0,0,7,27,155,5,Middle stump,Good Length,0,0,3,0,0,0,0,0,50.15897933941966,0.5459687963645385,8.34099246322052,-0.4906718048695489,1.918637626281235,-0.157126015957665,-0.751362205982398,-9.92884770559409,-20.4263820744965,0.442742530246014,-6.11177191160887,11.16489504610387,0.2100347760656722,0.5933227080324028,77.99492859829321,Defended,Played,None,0.857666015625,0.76300048828125,4.710849,-0.055997,-0.102131910372482,0.0,-10.6,-18.3729904131312,0.687690685412916,0.687690685412916,-7.64523,0.030497,0.412145,-8.84099,0.075986,0.540633,-16.65769380177739,-10.05982472611567,0.1226704629444324,0.6242749612615497,-1.095614698289177,0.9018545742844368,-1.30064527036161e-01,-1.00000000000000e+00,KOTAMBI-STADIUM-VADODARA,2024-12-27,,L,R,R,India-Women,West-Indies-Women,Spin,1
1735,2,52,India (Women),Richa Ghosh,Afy Fletcher,,29,1,6,6,6,0,0,0,0,0,0,0,0,0,0,1,0,,,0,28.1,1,1,0,569450,-8.0,238.5,6,0,,,Knuckleball,13.0,LOFTED STRAIGHT,0,0,1,28,161,5,Off stump,Full Length,1,0,3,0,0,0,0,0,45.46744749491873,4.250426502421391,8.340700020581483,-0.4557749701088792,1.880388387882462,-0.140086006266513,-0.211236609266827,-10.3196056766208,-18.2111808146466,0.457499361803893,-6.34770032006648,14.85379517287415,0.2795699173538556,0.6394787386555432,77.96481906294594,Attacked,Played,None,0.959381103515625,0.8493003845214844,3.775921,-0.04644,-0.0910559040732332,0.0,-10.6,-15.3053284452127,-0.255736766209729,-0.255736766209729,-7.629828,-0.069017,0.355014,-8.840813,-0.089489,0.571086,-19.21654254560348,-10.06012630416021,-0.1102534687531594,0.7208567127134842,-0.308828889187784,-2.396342060995372,-2.67544324699855e-02,7.60000000000000e+01,KOTAMBI-STADIUM-VADODARA,2024-12-27,,R,L,R,India-Women,West-Indies-Women,Spin,1
1735,2,52,India (Women),Richa Ghosh,Afy Fletcher,,29,2,6,6,6,0,0,0,0,0,0,0,0,0,0,1,0,,,0,28.2,1,1,0,569451,187.0,138.0,6,0,,,Knuckleball,95.0,SLOG SWEEP,0,0,2,28,167,5,Middle stump,Full Length,0,0,3,0,0,0,0,0,42.47266201151137,5.461638536403029,8.3408368886796,-0.6908112381563519,1.889531155915618,-0.13114888079907,-0.177731232848072,-10.6062712099066,-17.0493545038791,0.223018090969123,-6.51333808842168,16.09089977958059,0.4204069514295405,0.5651986994309295,52.73910977168537,Attacked,Played,None,1.05952835083008,0.8945960998535156,4.314221,-0.461179,-0.0852467725193953,0.0,-10.6,-12.7618749687289,0.278050700353073,0.278050700353073,-7.14483,-0.430554,0.384672,-8.840729,-0.393041,0.627352,-20.90827823568444,-10.05995706109087,-0.3658024273765514,0.6826535243801174,-0.3493681666669423,0.4987122064794249,-4.05274738177496e-02,8.30000000000000e+01,KOTAMBI-STADIUM-VADODARA,2024-12-27,,R,L,R,India-Women,West-Indies-Women,Spin,1
